кампании 14 95 
зелотов 65 
сю 1 2 3 4 5 6 7 8 9 10 11 12 13 14 15 16 17 18 19 20 21 22 23 24 25 26 27 28 29 30 31 32 33 34 35 36 37 38 39 40 41 42 43 44 45 46 47 48 49 50 51 52 53 54 55 56 57 58 59 60 61 62 63 64 65 66 67 68 69 70 71 72 73 74 75 76 77 78 79 80 81 82 83 84 85 86 87 88 89 90 91 92 93 94 95 96 97 98 99 100 
женой 8 16 45 59 88 
караваны 75 
пролив 22 
военной 58 92 
вторгаются 40 
этому 16 
верховный 14 
должности 44 
натуралист 57 85 
шу 25 
сестры 7 
вероятная 42 
сторонник 65 
друиды 16 
двумя 30 
семидесяти 4 16 21 34 61 96 100 
тулл 49 66 
британии 9 
заложников 52 
лю 1 8 11 16 17 19 20 22 25 32 33 35 37 38 41 42 44 48 49 54 56 58 59 64 66 67 68 70 71 75 77 78 85 88 89 94 99 
тианский 7 24 27 56 57 61 82 89 100 
одно 1 2 3 4 5 6 7 8 9 10 11 12 13 14 15 16 17 18 19 20 21 22 23 24 25 26 27 28 29 30 31 32 33 34 35 36 37 38 39 40 41 42 43 44 45 46 47 48 49 50 51 52 53 54 55 56 57 58 59 60 61 62 63 64 65 66 67 68 69 70 71 72 73 74 75 76 77 78 79 80 81 82 83 84 85 86 87 88 89 90 91 92 93 94 95 96 97 98 99 100 
мученическая 82 
полуострове 23 
поддержанной 65 
весталка 6 
велел 34 
сначала 79 
братьев 80 
набор 53 92 
телеканале 9 
шаблон 26 28 33 41 48 56 60 61 66 67 70 71 85 99 
изгнании 80 
христиан 7 9 16 21 24 27 34 43 45 46 47 50 51 56 57 61 73 79 82 85 89 99 100 
царём 16 22 34 54 86 92 99 
деятельница 42 
вторглись 60 73 
британских 51 
смерти 4 16 21 27 29 31 42 50 59 73 80 91 93 99 
отец 81 85 97 98 
трибунами 94 
римлян 3 18 41 44 46 48 59 68 69 73 77 78 79 80 81 86 88 
статья 1 2 3 4 5 6 7 8 9 10 11 12 13 14 15 16 17 18 19 20 21 22 23 24 25 26 27 28 29 30 31 32 33 34 35 36 37 38 39 40 41 42 43 44 45 46 47 48 49 50 51 52 53 54 55 56 57 58 59 60 61 62 63 64 65 66 67 68 69 70 71 72 73 74 75 76 77 78 79 80 81 82 83 84 85 86 87 88 89 90 91 92 93 94 95 96 97 98 99 100 
победили 53 
изгнан 11 18 77 80 85 91 
государынями 85 
состав 7 86 97 
попытку 75 
трон 2 4 6 7 8 22 24 27 30 34 36 41 42 50 55 57 65 67 80 85 93 95 100 
телеканал 9 
версии 43 
императорах 37 
наследником 58 
должность 25 85 
выбиты 57 
плен 5 14 16 35 51 53 57 64 78 88 95 
сенаторами 44 
легко 64 
продление 36 
подавление 10 33 
коллега 11 
осторожно 60 
отплыл 18 53 68 
крепостью 49 
маркоманами 77 
делают 86 
линии 88 
приговорил 4 
аланы 40 
силуров 9 16 44 95 
цензорство 62 
превращена 26 
захоронить 14 
рук 4 6 12 15 26 44 46 53 57 61 65 89 
священномученик 3 24 31 43 65 85 96 
нравственности 6 
пошли 34 
корд 92 
черноморском 14 
бровей 26 33 41 
преследования 4 
источников 1 2 3 4 5 6 7 8 9 10 11 12 13 14 15 16 17 18 19 20 21 22 23 24 25 26 27 28 29 30 31 32 34 35 36 37 38 39 40 42 43 44 45 46 47 49 50 51 52 53 54 55 57 58 59 60 61 62 63 64 65 68 69 72 73 74 75 76 77 78 79 80 81 83 84 85 86 87 88 89 90 91 92 93 94 95 96 97 98 99 100 
усыновление 10 
разрушен 4 68 69 73 
тысячелетия 1 2 3 4 5 6 7 8 9 10 11 12 13 14 15 16 17 18 19 20 21 22 23 24 25 26 27 28 29 30 31 32 33 34 35 36 37 38 39 40 41 42 43 44 45 46 47 48 49 50 51 52 53 54 55 56 57 58 59 60 61 62 63 64 65 66 67 68 69 70 71 72 73 74 75 76 77 78 79 80 81 82 83 84 85 86 87 88 89 90 91 92 93 94 95 96 97 98 99 100 
пост 3 4 7 9 14 15 16 17 18 21 24 28 34 35 36 38 39 43 45 47 49 50 51 61 68 69 73 74 83 85 86 95 96 99 100 
инспектора 10 
перепись 54 81 
отредактировать 1 2 3 4 5 6 7 8 9 10 11 12 13 14 15 16 17 18 19 20 21 22 23 24 25 26 27 28 29 30 31 32 34 35 36 37 38 39 40 42 43 44 45 46 47 49 50 51 52 53 54 55 57 58 59 60 61 62 63 64 65 68 69 72 73 74 75 76 77 78 79 80 81 83 84 86 87 88 89 90 91 92 93 94 95 96 97 98 99 100 
цезарей 68 
удалил 49 
восточных 16 
сражении 34 
картины 94 
останки 14 51 
укреплений 88 
запада 62 
незавершённой 95 
императоры 33 41 48 56 66 67 70 71 
покорить 29 79 
надзирает 92 
убита 4 25 80 94 
юриспруденции 20 
ород 3 5 6 7 14 23 31 34 41 43 44 50 51 53 58 68 73 85 86 100 
величия 14 41 
божественное 99 
результаты 54 
приёмный 54 66 
обвинению 4 41 
любовником 44 
честь 7 
домов 57 
бежит 34 77 
юристов 20 
римское 65 100 
условия 1 2 3 4 5 6 7 8 9 10 11 12 13 14 15 16 17 18 19 20 21 22 23 24 25 26 27 28 29 30 31 32 33 34 35 36 37 38 39 40 41 42 43 44 45 46 47 48 49 50 51 52 53 54 55 56 57 58 59 60 61 62 63 64 65 66 67 68 69 70 71 72 73 74 75 76 77 78 79 80 81 82 83 84 85 86 87 88 89 90 91 92 93 94 95 96 97 98 99 100 
признали 53 
изъеден 38 
сенаторы 4 
примерная 21 50 
клет 23 
классической 48 
которая 6 39 
силий 34 
правительницу 85 
чт 5 16 25 29 34 42 43 44 56 66 85 94 100 
обезьяна 61 
нескольких 28 75 76 96 
селения 34 45 54 61 65 68 81 
фракийских 59 
вторая 54 93 
поддержать 99 
треверов 53 
первосвященником 77 
расширяет 86 
узурпатор 34 
хан 7 17 26 31 62 76 95 
подтверждающие 85 
участии 11 16 34 66 
тавр 92 
казни 4 52 56 66 75 88 
закатом 25 
сабинского 53 
лат 11 12 33 41 43 45 48 49 56 66 67 70 71 85 99 
назад 1 2 3 4 5 6 7 8 9 10 11 12 13 14 15 16 17 18 19 20 21 22 23 24 25 26 27 28 29 30 31 32 33 34 35 36 37 38 39 40 41 42 43 44 45 46 47 48 49 50 51 52 53 54 55 56 57 58 59 60 61 62 63 64 65 66 67 68 69 70 71 72 73 74 75 76 77 78 79 80 81 82 83 84 85 86 87 88 89 90 91 92 93 94 95 96 97 98 99 100 
металлургии 22 
управлением 80 
одной 1 2 3 4 5 6 7 8 9 10 11 12 13 14 15 16 17 18 19 20 21 22 23 24 25 26 27 28 29 30 31 32 33 34 35 36 37 38 39 40 41 42 43 44 45 46 47 48 49 50 51 52 53 54 55 56 57 58 59 60 61 62 63 64 65 66 67 68 69 70 71 72 73 74 75 76 77 78 79 80 81 82 83 84 85 86 87 88 89 90 91 92 93 94 95 96 97 98 99 100 
централизованным 50 
престол 20 51 54 66 92 95 
башня 69 
анна 3 7 30 51 56 74 76 96 99 
прокуратора 100 
су 1 2 3 4 5 6 7 8 9 10 11 12 13 14 15 16 17 18 19 20 21 22 23 24 25 26 27 28 29 30 31 32 33 34 35 36 37 38 39 40 41 42 43 44 45 46 47 48 49 50 51 52 53 54 55 56 57 58 59 60 61 62 63 64 65 66 67 68 69 70 71 72 73 74 75 76 77 78 79 80 81 82 83 84 85 86 87 88 89 90 91 92 93 94 95 96 97 98 99 100 
сыграла 44 
бежал 18 34 85 
июня 1 2 3 4 5 6 7 8 9 10 11 12 13 14 15 16 17 18 20 21 22 23 24 25 26 27 29 30 31 32 34 35 36 37 38 39 40 42 43 44 45 46 47 49 50 51 52 53 54 55 57 58 59 60 61 62 63 64 65 68 72 73 74 75 76 77 78 79 80 81 83 84 86 87 88 89 90 91 92 93 94 95 96 97 98 99 100 
новый 42 54 61 
властью 50 
племена 11 53 61 76 
тетрархия 29 
начал 4 5 6 7 16 25 34 42 44 48 50 51 60 61 68 73 79 82 84 87 89 
совершают 66 
православная 77 
города 6 7 31 34 41 43 44 51 53 58 68 73 
год 1 2 3 4 5 6 7 8 9 10 11 12 13 14 15 16 17 18 19 20 21 22 23 24 25 26 27 28 29 30 31 32 33 34 35 36 37 38 39 40 41 42 43 44 45 46 47 48 49 50 51 52 53 54 55 56 57 58 59 60 61 62 63 64 65 66 67 68 69 70 71 72 73 74 75 76 77 78 79 80 81 82 83 84 85 86 87 88 89 90 91 92 93 94 95 96 97 98 99 100 
преторианском 53 
сослали 92 
заявил 44 
присягнули 53 
дата 3 16 17 21 31 34 35 40 42 50 51 58 59 65 68 73 79 82 84 91 94 95 
отказался 25 
дион 69 
отправлен 15 93 94 100 
прахом 6 
захватили 35 
самой 94 
северным 46 
зависимое 66 80 
увлечь 53 
бегство 54 
вверенные 53 
ряда 8 59 
сторону 34 53 
италиков 49 
тевтонов 6 
рекрутского 92 
первым 43 51 
ванг 7 18 34 75 76 96 
апрель 53 
очередь 30 
угрозы 34 
путешествий 51 
императору 65 
добивается 20 
её 33 41 48 56 60 66 67 70 71 85 88 
амфитеатр 67 
театре 43 46 
упорной 68 73 
аквитанского 41 
der 1 2 3 4 5 6 7 8 9 10 11 12 13 14 15 16 17 18 19 20 21 22 23 24 25 26 27 28 29 30 31 32 33 34 35 36 37 38 39 40 41 42 43 44 45 46 47 48 49 50 51 52 53 54 55 56 57 58 59 60 61 62 63 64 65 66 67 68 69 70 71 72 73 74 75 76 77 78 79 80 81 82 83 84 85 86 87 88 89 90 91 92 93 94 95 96 97 98 99 100 
приказу 2 4 10 16 17 23 25 32 34 46 50 65 73 80 85 
занимают 39 41 
пятница 42 
жреца 85 
христианства 16 43 50 56 
единственный 2 14 
свободной 1 2 3 4 5 6 7 8 9 10 11 12 13 14 15 16 17 18 19 20 21 22 23 24 25 26 27 28 29 30 31 32 33 34 35 36 37 38 39 40 41 42 43 44 45 46 47 48 49 50 51 52 53 54 55 56 57 58 59 60 61 62 63 64 65 66 67 68 69 70 71 72 73 74 75 76 77 78 79 80 81 82 83 84 85 86 87 88 89 90 91 92 93 94 95 96 97 98 99 100 
апостолов 7 21 39 43 
хунну 14 17 19 25 26 27 35 37 52 58 59 63 72 76 84 85 90 96 100 
претором 31 63 
взятого 73 
выгодный 85 
храма 68 80 92 
скончавшаяся 27 
другим 16 17 73 84 
отрядом 53 
погибшего 5 
умерла 32 57 94 99 
древнеримская 42 77 
отряды 2 
императора 1 11 14 15 16 17 18 19 22 26 28 29 31 32 33 34 36 37 42 43 44 45 46 47 50 51 56 64 65 66 68 71 77 82 85 93 94 95 96 99 
современник 29 
распутный 80 
полководец 5 23 27 34 39 41 47 57 63 
гл 1 2 3 4 5 6 7 8 9 10 11 12 13 14 15 16 17 18 19 20 21 22 23 24 25 26 27 28 29 30 31 32 33 34 35 36 37 38 39 40 41 42 43 44 45 46 47 48 49 50 51 52 53 54 55 56 57 58 59 60 61 62 63 64 65 66 67 68 69 70 71 72 73 74 75 76 77 78 79 80 81 82 83 84 85 86 87 88 89 90 91 92 93 94 95 96 97 98 99 100 
лагерь 34 
e 1 2 3 4 5 6 7 8 9 10 11 12 13 14 15 16 17 18 19 20 21 22 23 24 25 26 27 28 29 30 31 32 33 34 35 36 37 38 39 40 41 42 43 44 45 46 47 48 49 50 51 52 53 54 55 56 57 58 59 60 61 62 63 64 65 66 67 68 69 70 71 72 73 74 75 76 77 78 79 80 81 82 83 84 85 86 87 88 89 90 91 92 93 94 95 96 97 98 99 100 
прим 4 5 21 22 48 50 53 85 97 
болезни 19 80 
недостатки 33 41 48 56 66 67 70 71 85 
первосвященник 4 26 34 65 68 77 80 85 93 99 100 
подавить 30 
романа 67 
сохранили 22 
ан 1 2 3 4 5 6 7 8 9 10 11 12 13 14 15 16 17 18 19 20 21 22 23 24 25 26 27 28 29 30 31 32 33 34 35 36 37 38 39 40 41 42 43 44 45 46 47 48 49 50 51 52 53 54 55 56 57 58 59 60 61 62 63 64 65 66 67 68 69 70 71 72 73 74 75 76 77 78 79 80 81 82 83 84 85 86 87 88 89 90 91 92 93 94 95 96 97 98 99 100 
вёл 8 49 55 82 88 
парфян 6 8 20 29 45 47 53 54 61 77 95 100 
уэльской 86 
незадолго 2 
брат 4 14 16 28 41 47 51 53 80 
вторжение 44 
нерабочими 76 
преторианцы 94 
риторик 7 
вокруг 9 
набора 92 
колонией 51 
фан 24 61 91 99 
переи 80 
астроном 2 7 57 
независимого 34 
открытом 61 
прибыл 18 22 34 80 
лишних 51 
донесла 66 
род 2 3 5 6 7 8 10 11 13 14 15 19 23 26 28 29 31 34 36 38 41 42 43 44 46 50 51 52 53 56 58 60 62 63 65 67 68 69 73 77 80 81 82 84 85 86 87 88 89 93 98 99 100 
вт 1 2 3 4 5 6 7 8 9 10 11 12 13 14 15 16 17 18 19 20 21 22 23 24 25 26 27 28 29 30 31 32 33 34 35 36 37 38 39 40 42 43 44 45 46 47 48 49 50 51 52 53 54 55 56 57 58 59 60 61 62 63 64 65 66 67 68 69 70 71 72 73 74 75 76 77 78 79 80 81 82 83 84 85 86 87 88 89 90 91 92 93 94 95 96 97 98 99 100 
замучен 43 
владения 61 79 84 86 
произвёл 49 
культуры 5 22 47 
предводительницы 18 
предполагаемый 6 
crucifixion 42 
трёх 2 7 53 
историк 2 3 5 6 7 16 25 29 36 41 48 50 51 59 66 80 84 86 89 
нервы 91 
иудейская 14 19 
прах 6 80 
старшая 6 31 
самоубийство 15 18 34 41 42 45 46 48 50 53 65 66 77 80 93 98 99 
отредактирована 1 2 3 4 5 6 7 8 9 10 11 12 13 14 15 16 17 18 19 20 21 22 23 24 25 26 27 28 29 30 31 32 33 34 35 36 37 38 39 40 41 42 43 44 45 46 47 48 49 50 51 52 53 54 55 56 57 58 59 60 61 62 63 64 65 66 67 68 69 70 71 72 73 74 75 76 77 78 79 80 81 82 83 84 85 86 87 88 89 90 91 92 93 94 95 96 97 98 99 100 
принесли 53 
изобретатель 58 
командование 20 37 51 61 68 
престолонаследник 20 
любовница 1 22 32 56 94 
месте 14 28 37 51 73 88 100 
принадлежащие 22 
иска 33 41 48 50 56 66 67 70 71 85 
проводит 87 100 
соратник 53 
скончался 16 85 
эл 1 7 9 27 44 47 65 68 78 86 
переправился 18 
соперник 80 
несмотря 24 
вероятного 82 
использующие 2 5 6 14 15 22 33 41 44 48 56 66 67 70 71 77 80 82 86 
раздел 28 61 
ключевой 11 19 
сенаторов 4 46 75 
растёт 34 
географ 7 48 57 
это 5 6 11 13 14 16 17 18 20 28 30 33 36 41 48 51 52 53 54 56 60 61 66 67 68 70 71 72 76 77 80 81 82 85 87 92 94 
несостоявшийся 20 
поражений 81 
эпарх 3 
родственник 42 
вождь 16 18 41 58 79 80 81 94 
регентом 36 
chronology 42 
отправился 68 80 
остров 11 18 23 33 37 67 79 80 92 100 
редактор 5 
сослан 13 28 92 
артист 34 
кожу 35 
fourth 42 
суд 4 10 18 19 24 27 28 29 31 34 36 37 39 41 43 46 48 50 56 61 64 65 66 67 71 77 78 82 85 89 93 95 99 
эрой 42 61 
декабря 4 9 12 15 17 29 46 47 53 68 73 76 77 80 84 95 98 
зависимой 79 
привёз 80 
наместника 5 34 51 64 65 94 
увековечил 61 
легионер 85 
свидетельствуют 51 
uk 54 61 66 76 98 
условиях 70 
члены 11 
ещё 28 36 
нападают 49 55 
апостолом 100 
бумаги 58 
претория 4 16 22 24 34 46 53 66 93 96 
западная 69 
покоряет 32 59 63 73 
возвращается 19 27 82 
произошла 28 
возведена 51 85 
войск 15 34 36 42 44 53 57 59 73 83 87 97 
вече 51 
серия 56 57 
гитт 8 97 
получает 31 58 61 
увеличении 42 
матери 15 80 
позиции 65 82 
данной 61 
боеспособных 35 
ставшей 48 
культа 16 
супруги 15 
налогами 92 
народный 8 14 15 44 63 65 77 80 84 
генерала 10 
назначен 3 11 19 22 37 42 61 70 77 100 
выступил 43 
считается 43 
понтификом 42 
воинов 14 51 
аланов 58 
восстановлена 80 
поднявший 34 64 
куки 1 2 3 4 5 6 7 8 9 10 11 12 13 14 15 16 17 18 19 20 21 22 23 24 25 26 27 28 29 30 31 32 33 34 35 36 37 38 39 40 41 42 43 44 45 46 47 48 49 50 51 52 53 54 55 56 57 58 59 60 61 62 63 64 65 66 67 68 69 70 71 72 73 74 75 76 77 78 79 80 81 82 83 84 85 86 87 88 89 90 91 92 93 94 95 96 97 98 99 100 
победил 13 53 
буддийское 34 
ордовиков 58 
распространение 6 
vol 82 
возводит 66 
существуют 5 6 11 13 14 17 18 20 28 30 36 51 52 53 54 60 61 68 72 76 77 80 81 82 87 92 94 
посланная 30 
олимпиады 1 2 3 4 5 6 7 8 9 10 11 12 13 14 15 16 17 18 19 20 21 22 23 24 25 26 27 28 29 30 31 32 33 34 35 36 37 38 39 40 41 42 43 44 45 46 47 48 49 50 51 52 53 54 55 56 57 58 59 60 61 62 63 64 65 66 67 68 69 70 71 72 73 74 75 76 77 78 79 80 81 82 83 84 85 86 87 88 89 90 91 92 93 94 95 96 97 98 99 100 
вдовствующая 72 
епископа 15 
святой 7 21 24 27 46 57 73 79 82 88 91 96 100 
казнена 16 18 34 65 66 70 
собой 5 10 11 34 45 46 49 73 
претендент 2 
подавляет 61 100 
римлянка 80 
проповедник 56 
лидеров 68 
зверьми 68 
октябрь 11 66 
нами 1 2 3 4 5 6 7 8 9 10 11 12 13 14 15 16 17 18 19 20 21 22 23 24 25 26 27 28 29 30 31 32 33 34 35 36 37 38 39 40 41 42 43 44 45 46 47 48 49 50 51 52 53 54 55 56 57 58 59 60 61 62 63 64 65 66 67 68 69 70 71 72 73 74 75 76 77 78 79 80 81 82 83 84 85 86 87 88 89 90 91 92 93 94 95 96 97 98 99 100 
понтифик 14 42 52 66 
граждан 45 53 61 65 81 
флот 9 53 
чёрная 42 
еврейского 68 73 
марионеточный 76 
геллий 77 
biography 47 
князей 46 
случаях 1 2 3 4 5 6 7 8 9 10 11 12 13 14 15 16 17 18 19 20 21 22 23 24 25 26 27 28 29 30 31 32 33 34 35 36 37 38 39 40 41 42 43 44 45 46 47 48 49 50 51 52 53 54 55 56 57 58 59 60 61 62 63 64 65 66 67 68 69 70 71 72 73 74 75 76 77 78 79 80 81 82 83 84 85 86 87 88 89 90 91 92 93 94 95 96 97 98 99 100 
древностей 48 
женат 66 
новым 25 
гонений 43 
вновь 67 88 
аренах 68 
iv 1 2 3 4 5 6 7 8 9 10 11 12 13 14 15 16 17 18 19 20 21 22 23 24 25 26 27 28 29 30 31 32 33 34 35 36 37 38 39 40 41 42 43 44 45 46 47 48 49 50 51 52 53 54 55 56 57 58 59 60 61 62 63 64 65 66 67 68 69 70 71 72 73 74 75 76 77 78 79 80 81 82 83 84 85 86 87 88 89 90 91 92 93 94 95 96 97 98 99 100 
своей 7 16 30 41 44 
женатый 66 
речь 88 
устранены 33 41 48 56 66 67 70 71 85 
вторые 46 
внучке 13 66 
часов 25 
делам 6 28 61 
присоединён 14 
перешли 53 
изображением 29 
плебей 2 3 6 9 11 14 15 17 18 30 34 35 39 41 46 47 48 54 66 68 70 75 76 77 81 84 87 93 94 95 98 
тему 68 
разжаловал 85 
участвовавший 68 
ссылок 1 2 3 4 5 6 7 8 9 10 11 12 13 14 15 16 17 18 19 20 21 22 23 24 25 26 27 28 29 30 31 32 34 35 36 37 38 39 40 42 43 44 45 46 47 49 50 51 52 53 54 55 57 58 59 60 61 62 63 64 65 68 69 72 73 74 75 76 77 78 79 80 81 83 84 85 86 87 88 89 90 91 92 93 94 95 96 97 98 99 100 
власти 5 22 28 42 66 87 
автор 1 2 3 4 5 6 7 8 9 10 11 12 13 14 15 16 17 18 19 20 21 22 23 24 25 26 27 28 29 30 31 32 34 35 36 37 38 39 40 42 43 44 45 46 47 49 50 51 52 53 54 55 57 58 59 60 61 62 63 64 65 67 68 69 72 73 74 75 76 77 78 79 80 81 83 84 85 86 87 88 89 90 91 92 93 94 95 96 97 98 99 100 
экз 56 
защитникам 73 
семидесятиоднолетнего 34 
календарь 1 2 3 4 5 6 7 8 9 10 11 12 13 14 15 16 17 18 19 20 21 22 23 24 25 26 27 28 29 30 31 32 33 34 35 36 37 38 39 40 41 42 43 44 45 46 47 48 49 50 51 52 53 54 55 56 57 58 59 60 61 62 63 64 65 66 67 68 69 70 71 72 73 74 75 76 77 78 79 80 81 82 83 84 85 86 87 88 89 90 91 92 93 94 95 96 97 98 99 100 
марий 1 2 3 4 5 6 7 8 9 10 11 12 13 14 15 16 17 18 19 20 21 22 23 24 25 26 27 28 29 30 31 32 33 34 35 36 37 38 39 40 41 42 43 44 45 46 47 48 49 50 51 52 53 54 55 56 57 58 59 60 61 62 63 64 65 66 67 68 69 70 71 72 73 74 75 76 77 78 79 80 81 82 83 84 85 86 87 88 89 90 91 92 93 94 95 96 97 98 99 100 
всадничеству 49 
сложить 53 
фармаколог 57 85 
сатир 4 17 29 79 84 
солдаты 53 
двоюродный 10 82 
искоренению 16 
страны 85 
власть 21 22 50 53 63 
навету 15 16 51 70 77 78 94 
поддерживают 85 
м 1 2 3 4 5 6 7 8 9 10 11 12 13 14 15 16 17 18 19 20 21 22 23 24 25 26 27 28 29 30 31 32 33 34 35 36 37 38 39 40 41 42 43 44 45 46 47 48 49 50 51 52 53 54 55 56 57 58 59 60 61 62 63 64 65 66 67 68 69 70 71 72 73 74 75 76 77 78 79 80 81 82 83 84 85 86 87 88 89 90 91 92 93 94 95 96 97 98 99 100 
ян 1 2 3 4 5 6 7 8 9 10 11 12 13 14 15 16 17 18 19 20 21 22 23 24 25 26 27 28 29 30 31 32 33 34 35 36 37 38 39 40 41 42 43 44 45 46 47 48 49 50 51 52 53 54 55 56 57 58 59 60 61 62 63 64 65 66 67 68 69 70 71 72 73 74 75 76 77 78 79 80 81 82 83 84 85 86 87 88 89 90 91 92 93 94 95 96 97 98 99 100 
египетская 22 92 
сопровождающуюся 100 
именуется 19 
внучка 13 18 36 50 
нынешний 51 
царской 39 
повстанцами 31 
входит 86 
становится 7 12 15 19 34 36 45 51 53 58 66 70 77 93 94 
анний 58 77 86 
работавший 96 
века 1 2 3 4 5 6 7 8 9 10 11 12 13 14 15 16 17 18 19 20 21 22 23 24 25 26 27 28 29 30 31 32 33 34 35 36 37 38 39 40 41 42 43 44 45 46 47 48 49 50 51 52 53 54 55 56 57 58 59 60 61 62 63 64 65 66 67 68 69 70 71 72 73 74 75 76 77 78 79 80 81 82 83 84 85 86 87 88 89 90 91 92 93 94 95 96 97 98 99 100 
древнегреческий 19 31 51 57 86 96 
кредитов 42 
потерпели 53 
попала 57 
лет 1 2 3 4 5 6 7 8 9 10 11 12 13 14 15 16 17 18 19 20 21 22 23 24 25 26 27 28 29 30 31 32 33 34 35 36 37 38 39 40 41 42 43 44 45 46 47 48 49 50 51 52 53 54 55 56 57 58 59 60 61 62 63 64 65 66 67 68 69 70 71 72 73 74 75 76 77 78 79 80 81 82 83 84 85 86 87 88 89 90 91 92 93 94 95 96 97 98 99 100 
закон 1 2 3 4 5 6 7 8 9 10 11 12 13 14 15 16 17 18 19 20 21 22 23 24 25 26 27 28 29 30 31 32 33 34 35 36 37 38 39 40 41 42 43 44 45 46 47 48 49 50 51 52 53 54 55 56 57 58 59 60 61 62 63 64 65 66 67 68 69 70 71 72 73 74 75 76 77 78 79 80 81 82 83 84 85 86 87 88 89 90 91 92 93 94 95 96 97 98 99 100 
авит 1 2 3 4 5 6 7 8 9 10 11 12 13 14 15 16 17 18 19 20 21 22 23 24 25 26 27 28 29 30 31 32 33 34 35 36 37 38 39 40 41 42 43 44 45 46 47 48 49 50 51 52 53 54 55 56 57 58 59 60 61 62 63 64 65 66 67 68 69 70 71 72 73 74 75 76 77 78 79 80 81 82 83 84 85 86 87 88 89 90 91 92 93 94 95 96 97 98 99 100 
землетрясения 86 
вдоль 88 
фигура 16 
незначительных 53 
начинают 90 
дней 3 14 16 32 43 46 57 61 83 
войн 3 8 45 65 68 86 92 99 100 
императрицы 24 
длительной 68 
основанной 51 
произведений 8 
суду 41 
императорский 2 31 
kol 5 13 14 20 28 36 54 60 61 76 87 92 
поход 20 25 42 76 88 
проходит 45 
значения 5 6 11 13 14 17 18 20 28 30 31 36 37 44 51 52 53 54 59 60 61 68 72 76 77 78 80 81 82 87 92 94 
число 1 2 3 4 5 7 9 10 11 12 13 15 16 17 18 19 20 21 22 23 26 27 28 29 32 33 34 35 36 38 39 40 41 42 43 44 47 48 49 50 51 52 54 56 57 58 59 60 61 62 64 65 66 67 69 70 71 72 74 75 79 80 81 82 83 84 85 86 87 88 89 91 92 93 94 95 96 97 98 99 100 
вдове 65 
провозгласить 34 94 
секретности 37 
отравлена 25 50 
течение 6 
секретарь 89 
товарища 80 
поддалась 59 
восстание 9 19 26 28 30 34 65 87 90 100 
друзей 34 
world 22 
проверяема 1 2 3 4 5 6 7 8 9 10 11 12 13 14 15 16 17 18 19 20 21 22 23 24 25 26 27 28 29 30 31 32 34 35 36 37 38 39 40 42 43 44 45 46 47 49 50 51 52 53 54 55 57 58 59 60 61 62 63 64 65 68 69 72 73 74 75 76 77 78 79 80 81 83 84 86 87 88 89 90 91 92 93 94 95 96 97 98 99 100 
поля 9 13 16 88 
пример 21 48 50 97 
вителианцев 53 
заговор 11 19 23 34 44 46 53 65 66 92 93 94 
папства 15 
связывали 47 
брови 2 41 67 
епископ 3 4 7 15 16 18 21 24 31 34 43 46 51 57 64 73 79 82 88 89 91 96 99 
религии 6 56 
завет 5 
шаньюем 85 
огромных 48 
развёл 8 88 
послание 17 
христианство 47 51 
пожизненное 62 
сформирован 65 
охватывает 81 
китайской 13 41 61 76 90 92 
различных 42 61 
линию 25 36 60 87 
прокуратором 65 70 
роду 63 
еврейской 6 
обратном 14 
смертный 65 
произведениях 68 
части 1 2 3 4 5 6 7 8 9 10 11 12 13 14 15 16 17 18 19 20 21 22 23 24 25 26 27 28 29 30 31 32 33 34 35 36 37 38 39 40 41 42 43 44 45 46 47 48 49 50 51 52 53 54 55 56 57 58 59 60 61 62 63 64 65 66 67 68 69 70 71 72 73 74 75 76 77 78 79 80 81 82 83 84 85 86 87 88 89 90 91 92 93 94 95 96 97 98 99 100 
принятой 25 
тётка 25 
должен 28 34 
собор 9 45 
восстанию 29 
принцепсов 48 
ребил 24 73 
примерно 97 
камея 2 
осады 2 49 68 73 
семи 4 6 16 21 34 61 68 96 100 
основатель 56 100 
погиб 5 23 34 54 55 62 67 
мест 1 4 5 8 11 14 18 20 23 25 28 29 34 37 38 39 42 43 44 46 47 49 51 52 53 58 61 63 64 65 66 68 69 73 75 77 79 80 81 85 86 87 88 93 94 99 100 
области 13 29 
бытовой 47 
лицензии 1 2 3 4 5 6 7 8 9 10 11 12 13 14 15 16 17 18 19 20 21 22 23 24 25 26 27 28 29 30 31 32 33 34 35 36 37 38 39 40 41 42 43 44 45 46 47 48 49 50 51 52 53 54 55 56 57 58 59 60 61 62 63 64 65 66 67 68 69 70 71 72 73 74 75 76 77 78 79 80 81 82 83 84 85 86 87 88 89 90 91 92 93 94 95 96 97 98 99 100 
легион 5 14 19 34 37 51 53 58 65 68 85 91 
легионов 34 
некоторые 52 
дин 2 5 6 7 8 9 10 11 13 14 15 18 19 20 21 27 29 32 34 38 39 41 42 43 46 47 48 51 52 53 55 58 59 61 66 68 70 71 72 74 77 78 79 81 84 85 87 88 89 92 93 95 96 97 98 
греческий 19 26 31 48 51 57 59 76 86 96 
легатов 5 53 
главе 18 24 64 68 81 86 
оставшиеся 53 
мусуламиев 86 
клин 88 
весталок 6 
ординарного 14 
происхождению 41 
который 8 11 41 46 51 54 61 65 
фурий 17 
царство 6 22 39 43 53 66 73 80 
суде 39 
многих 46 75 
азия 37 92 
января 1 3 5 7 10 16 25 32 34 37 39 44 45 46 47 52 53 55 61 65 66 68 69 74 78 79 83 87 89 94 96 97 
антиеврейский 22 
эдилы 35 71 84 
офицер 94 
счёт 25 
численности 58 
текущего 46 47 
восточные 53 
германским 76 88 
смог 53 
крупная 16 
ханко 95 
перейти 29 46 53 
устраивает 53 
наводнение 60 
сдался 53 
церковь 77 85 
лингонов 53 
флотом 53 
карьеры 25 
второй 1 2 3 4 6 8 9 11 12 14 15 16 17 18 19 22 23 25 26 27 29 30 31 32 35 36 48 54 55 56 57 58 59 60 65 66 67 68 69 70 71 73 76 77 78 82 87 88 89 90 91 92 96 
зарегистрированный 1 2 3 4 5 6 7 8 9 10 11 12 13 14 15 16 17 18 19 20 21 22 23 24 25 26 27 28 29 30 31 32 33 34 35 36 37 38 39 40 41 42 43 44 45 46 47 48 49 50 51 52 53 54 55 56 57 58 59 60 61 62 63 64 65 66 67 68 69 70 71 72 73 74 75 76 77 78 79 80 81 82 83 84 85 86 87 88 89 90 91 92 93 94 95 96 97 98 99 100 
уничтожают 5 
восточной 84 95 
провинциях 34 51 
изгоняет 79 
самоубийству 22 43 46 65 
стена 69 
sa 1 2 3 4 5 6 7 8 9 10 11 12 13 14 15 16 17 18 19 20 21 22 23 24 25 26 27 28 29 30 31 32 33 34 35 36 37 38 39 40 41 42 43 44 45 46 47 48 49 50 51 52 53 54 55 56 57 58 59 60 61 62 63 64 65 66 67 68 69 70 71 72 73 74 75 76 77 78 79 80 81 82 83 84 85 86 87 88 89 90 91 92 93 94 95 96 97 98 99 100 
хрестоматийный 48 
осветивших 68 
опасности 44 
полной 37 
китай 2 8 10 13 16 18 22 26 29 31 36 38 41 42 45 47 58 59 61 65 67 74 76 85 90 92 95 99 
заключённый 54 
статье 1 2 3 4 5 6 7 8 9 10 11 12 13 14 15 16 17 18 19 20 21 22 23 24 25 26 27 28 29 30 31 32 34 35 36 37 38 39 40 42 43 44 45 46 47 49 50 51 52 53 54 55 57 58 59 60 61 62 63 64 65 68 69 72 73 74 75 76 77 78 79 80 81 83 84 86 87 88 89 90 91 92 93 94 95 96 97 98 99 100 
гуо 7 
началом 5 
тигра 98 
вторично 4 
последний 1 2 3 4 5 6 7 8 9 10 11 12 13 14 15 16 17 18 19 20 21 22 23 24 25 26 27 28 29 30 31 32 33 34 35 36 37 38 39 40 41 42 43 44 45 46 47 48 49 50 51 52 53 54 55 56 57 58 59 60 61 62 63 64 65 66 67 68 69 70 71 72 73 74 75 76 77 78 79 80 81 82 83 84 85 86 87 88 89 90 91 92 93 94 95 96 97 98 99 100 
края 22 
схвачен 53 
бригантов 53 85 
колоссянам 95 
поссорился 17 
княжеств 32 54 57 62 63 90 
хронологические 1 2 3 4 5 6 7 8 9 10 11 12 13 14 15 16 17 18 19 20 21 22 23 24 25 26 27 28 29 30 31 32 33 34 35 36 37 38 39 40 41 42 43 44 45 46 47 48 49 50 51 52 53 54 55 56 57 58 59 60 61 62 63 64 65 66 67 68 69 70 71 72 73 74 75 76 77 78 79 80 81 82 83 84 85 86 87 88 89 90 91 92 93 94 95 96 97 98 99 100 
священнодействиями 6 
возглавляемых 53 
произносит 88 
голод 6 42 59 94 
которую 99 
трибун 8 14 15 19 44 46 63 65 77 80 84 94 
языках 1 2 3 4 5 6 7 8 9 10 11 12 13 14 15 16 17 18 19 20 21 22 23 24 25 26 27 28 29 30 31 32 33 34 35 36 37 38 39 40 41 42 43 44 45 46 47 48 49 50 51 52 53 54 55 56 57 58 59 60 61 62 63 64 65 66 67 68 69 70 71 72 73 74 75 76 77 78 79 80 81 82 83 84 85 86 87 88 89 90 91 92 93 94 95 96 97 98 99 100 
тех 87 
новозаветного 5 
выходца 29 
племенем 19 88 
восстали 53 58 
достигает 10 
пет 6 22 53 61 69 77 92 
жители 62 
союз 41 79 
действовать 1 2 3 4 5 6 7 8 9 10 11 12 13 14 15 16 17 18 19 20 21 22 23 24 25 26 27 28 29 30 31 32 33 34 35 36 37 38 39 40 41 42 43 44 45 46 47 48 49 50 51 52 53 54 55 56 57 58 59 60 61 62 63 64 65 66 67 68 69 70 71 72 73 74 75 76 77 78 79 80 81 82 83 84 85 86 87 88 89 90 91 92 93 94 95 96 97 98 99 100 
эпиграфика 5 
игры 46 50 51 53 
хань 17 26 62 
убиты 34 
chevaliers 15 44 77 
внести 33 41 48 56 66 67 70 71 
нанёсший 81 
королём 94 
тесть 97 
удалена 1 2 3 4 5 6 7 8 9 10 11 12 13 14 15 16 17 18 19 20 21 22 23 24 25 26 27 28 29 30 31 32 34 35 36 37 38 39 40 42 43 44 45 46 47 49 50 51 52 53 54 55 57 58 59 60 61 62 63 64 65 68 69 72 73 74 75 76 77 78 79 80 81 83 84 86 87 88 89 90 91 92 93 94 95 96 97 98 99 100 
продвигаться 60 
откуда 68 
победителя 34 
рр 4 12 13 15 16 25 34 41 44 47 48 49 51 52 53 59 61 65 66 70 80 92 96 98 100 
ноле 34 
язык 1 2 3 4 5 6 7 8 9 10 11 12 13 14 15 16 17 18 19 20 21 22 23 24 25 26 27 28 29 30 31 32 33 34 35 36 37 38 39 40 41 42 43 44 45 46 47 48 49 50 51 52 53 54 55 56 57 58 59 60 61 62 63 64 65 66 67 68 69 70 71 72 73 74 75 76 77 78 79 80 81 82 83 84 85 86 87 88 89 90 91 92 93 94 95 96 97 98 99 100 
вождей 56 
махаяны 9 
сыне 37 
берег 6 
реставрации 92 
истории 47 56 
шаньюи 52 
зять 77 
вскоре 53 54 60 
военный 28 30 34 41 56 57 66 67 73 78 84 93 98 
подвергли 69 
liberatrix 34 
развод 80 99 
политический 3 4 12 13 16 23 30 31 32 34 39 41 48 53 55 56 62 64 67 69 70 73 78 84 87 88 93 98 
измене 60 71 
старший 5 20 28 66 77 92 
практически 43 
ps 1 2 3 4 5 6 7 8 9 10 11 12 13 14 15 16 17 18 19 20 21 22 23 24 25 26 27 28 29 30 31 32 33 34 35 36 37 38 39 40 41 42 43 44 45 46 47 48 49 50 51 52 53 54 55 56 57 58 59 60 61 62 63 64 65 66 67 68 69 70 71 72 73 74 75 76 77 78 79 80 81 82 83 84 85 86 87 88 89 90 91 92 93 94 95 96 97 98 99 100 
рубежа 81 
улучшения 33 41 48 56 66 67 70 71 85 
вступает 34 53 
ущелье 15 
приговаривает 99 
исправив 61 
командующим 61 77 
царица 13 17 39 52 100 
основателей 27 
погром 22 
дипломат 47 
парфянского 45 61 77 
младшего 2 47 
против 3 8 9 11 14 15 18 19 23 24 28 34 46 48 49 53 56 58 59 60 62 64 65 68 78 79 86 87 88 92 93 95 
границе 17 
республики 19 
учётную 1 2 3 4 5 6 7 8 9 10 11 12 13 14 15 16 17 18 19 20 21 22 23 24 25 26 27 28 29 30 31 32 33 34 35 36 37 38 39 40 41 42 43 44 45 46 47 48 49 50 51 52 53 54 55 56 57 58 59 60 61 62 63 64 65 66 67 68 69 70 71 72 73 74 75 76 77 78 79 80 81 82 83 84 85 86 87 88 89 90 91 92 93 94 95 96 97 98 99 100 
книг 1 2 3 4 5 6 7 8 9 10 11 12 13 14 15 16 17 18 19 20 21 22 23 24 25 26 27 28 29 30 31 32 33 34 35 36 37 38 39 40 41 42 43 44 45 46 47 48 49 50 51 52 53 54 55 56 57 58 59 60 61 62 63 64 65 66 67 68 69 70 71 72 73 74 75 76 77 78 79 80 81 82 83 84 85 86 87 88 89 90 91 92 93 94 95 96 97 98 99 100 
отпущенниками 24 
попытался 34 53 
пожаловано 22 80 
экспедицию 10 
обрушился 67 
родился 19 81 
двухлетней 49 
иудейский 26 58 68 80 86 93 
устранении 16 
нападает 11 
данные 17 85 
будущий 80 82 
патрон 30 
иудейские 63 
вождём 9 
даты 24 53 61 
смертью 47 
цезарем 19 37 53 
восстановлению 68 
свидетельству 16 51 99 
известная 30 
китайцев 65 
могут 1 2 3 4 5 6 7 8 9 10 11 12 13 14 15 16 17 18 19 20 21 22 23 24 25 26 27 28 29 30 31 32 33 34 35 36 37 38 39 40 41 42 43 44 45 46 47 48 49 50 51 52 53 54 55 56 57 58 59 60 61 62 63 64 65 66 67 68 69 70 71 72 73 74 75 76 77 78 79 80 81 82 83 84 85 86 87 88 89 90 91 92 93 94 95 96 97 98 99 100 
победа 15 64 88 
торговые 75 
ключевая 16 
проконсула 19 51 
замыслу 28 
последнего 40 
общественных 100 
столицей 41 44 58 92 
высказываются 68 
наносит 67 
дина 2 5 6 7 8 9 11 14 15 38 39 41 46 47 52 61 66 70 72 74 77 78 81 84 85 92 95 98 
тибетцев 2 
выбирать 34 
потерпел 53 64 
годе 63 
годов 1 2 3 4 5 6 7 8 9 10 11 12 13 14 15 16 17 18 19 20 21 22 23 24 25 26 27 28 29 30 31 32 33 34 35 36 37 38 39 40 41 42 43 44 45 46 47 48 49 50 51 52 53 54 55 56 57 58 59 60 61 62 63 64 65 66 67 68 69 70 71 72 73 74 75 76 77 78 79 80 81 82 83 84 85 86 87 88 89 90 91 92 93 94 95 96 97 98 99 100 
римскую 26 31 40 
желательно 33 41 48 56 66 67 70 71 85 
выдававший 93 
гистр 1 2 3 4 5 6 7 8 9 10 11 12 13 14 15 16 17 18 19 20 21 22 23 24 25 26 27 28 29 30 31 32 33 34 35 36 37 38 39 40 41 42 43 44 45 46 47 48 49 50 51 52 53 54 55 56 57 58 59 60 61 62 63 64 65 66 67 68 69 70 71 72 73 74 75 76 77 78 79 80 81 82 83 84 85 86 87 88 89 90 91 92 93 94 95 96 97 98 99 100 
когорт 2 10 46 
пленил 14 
хунны 45 
происходивший 61 
заставляет 85 
свергнут 41 85 
участвовал 25 
разрушение 4 
оккупируют 36 
десятилетия 1 2 3 4 5 6 7 8 9 10 11 12 13 14 15 16 17 18 19 20 21 22 23 24 25 26 27 28 29 30 31 32 33 34 35 36 37 38 39 40 41 42 43 44 45 46 47 48 49 50 51 52 53 54 55 56 57 58 59 60 61 62 63 64 65 66 67 68 69 70 71 72 73 74 75 76 77 78 79 80 81 82 83 84 85 86 87 88 89 90 91 92 93 94 95 96 97 98 99 100 
львов 61 
традиции 7 76 96 
подозреваемых 66 
операцию 100 
апреля 25 33 34 42 47 50 53 61 90 
жанра 47 74 
убивают 53 
жестокостью 15 
южных 17 25 27 44 46 62 63 72 84 90 96 100 
консулом 3 7 16 88 100 
путь 54 
претор 2 4 6 11 16 17 22 24 29 30 31 34 41 44 45 46 47 53 54 55 63 66 86 93 94 96 98 
восстать 94 
военачальника 25 34 87 
законы 6 
позднеэллинистический 7 
кянов 2 8 29 84 
реформы 52 
своих 68 
потребовал 80 
кастрация 88 
захватил 1 8 35 49 68 
категории 1 2 3 4 5 6 7 8 9 10 11 12 13 14 15 16 17 18 19 20 21 22 23 24 25 26 27 28 29 30 31 32 33 34 35 36 37 38 39 40 41 42 43 44 45 46 47 48 49 50 51 52 53 54 55 56 57 58 59 60 61 62 63 64 65 66 67 68 69 70 71 72 73 74 75 76 77 78 79 80 81 82 83 84 85 86 87 88 89 90 91 92 93 94 95 96 97 98 99 100 
писатель 3 11 19 20 23 24 28 47 65 83 86 
затем 15 16 34 44 53 79 80 88 94 
четвёртая 13 92 
одрисов 66 
проблемами 85 
войну 86 
помочь 28 
подавлять 90 
своего 2 8 11 16 19 53 66 80 87 
навигации 1 2 3 4 5 6 7 8 9 10 11 12 13 14 15 16 17 18 19 20 21 22 23 24 25 26 27 28 29 30 31 32 33 34 35 36 37 38 39 40 41 42 43 44 45 46 47 48 49 50 51 52 53 54 55 56 57 58 59 60 61 62 63 64 65 66 67 68 69 70 71 72 73 74 75 76 77 78 79 80 81 82 83 84 85 86 87 88 89 90 91 92 93 94 95 96 97 98 99 100 
евангелист 34 
началу 60 
отцом 8 85 
битвы 14 93 
царства 21 22 26 27 34 39 40 45 56 58 59 61 98 
действовавший 31 
первого 99 
октября 2 6 10 11 16 29 30 35 36 41 42 47 54 59 61 63 66 69 70 71 72 80 86 94 
предыдущего 11 15 28 63 66 81 
приказ 2 4 10 14 16 17 23 25 31 32 34 38 41 46 50 65 73 80 85 99 
клиентского 61 
рекомендации 1 2 3 4 5 6 7 8 9 10 11 12 13 14 15 16 17 18 19 20 21 22 23 24 25 26 27 28 29 30 31 32 34 35 36 37 38 39 40 42 43 44 45 46 47 49 50 51 52 53 54 55 57 58 59 60 61 62 63 64 65 68 69 72 73 74 75 76 77 78 79 80 81 83 84 86 87 88 89 90 91 92 93 94 95 96 97 98 99 100 
г 1 2 3 4 5 6 7 8 9 10 11 12 13 14 15 16 17 18 19 20 21 22 23 24 25 26 27 28 29 30 31 32 33 34 35 36 37 38 39 40 41 42 43 44 45 46 47 48 49 50 51 52 53 54 55 56 57 58 59 60 61 62 63 64 65 66 67 68 69 70 71 72 73 74 75 76 77 78 79 80 81 82 83 84 85 86 87 88 89 90 91 92 93 94 95 96 97 98 99 100 
дворец 2 
именем 58 
известный 8 
ожесточённом 51 
советская 33 41 48 56 66 67 70 71 
анней 5 13 55 70 
вспыхнул 43 
признан 92 
конфискованными 79 
римского 3 5 14 15 17 18 34 41 45 47 59 66 67 68 84 94 96 
назначает 34 65 87 94 
date 42 98 
дат 1 2 3 4 5 6 7 8 9 10 11 12 13 14 15 16 17 18 19 20 21 22 23 24 25 26 27 28 29 30 31 32 33 34 35 36 37 38 39 40 41 42 43 44 45 46 47 48 49 50 51 52 53 54 55 56 57 58 59 60 61 62 63 64 65 66 67 68 69 70 71 72 73 74 75 76 77 78 79 80 81 82 83 84 85 86 87 88 89 90 91 92 93 94 95 96 97 98 99 100 
мученица 7 57 
провозгласивших 34 
имён 1 2 3 4 5 6 7 8 9 10 11 12 13 14 15 16 17 18 19 20 21 22 23 24 25 26 27 28 29 30 31 32 33 34 35 36 37 38 39 40 41 42 43 44 45 46 47 48 49 50 51 52 53 54 55 56 57 58 59 60 61 62 63 64 65 66 67 68 69 70 71 72 73 74 75 76 77 78 79 80 81 82 83 84 85 86 87 88 89 90 91 92 93 94 95 96 97 98 99 100 
культура 22 
l 1 2 3 4 5 6 7 8 9 10 11 12 13 14 15 16 17 18 19 20 21 22 23 24 25 26 27 28 29 30 31 32 33 34 35 36 37 38 39 40 41 42 43 44 45 46 47 48 49 50 51 52 53 54 55 56 57 58 59 60 61 62 63 64 65 66 67 68 69 70 71 72 73 74 75 76 77 78 79 80 81 82 83 84 85 86 87 88 89 90 91 92 93 94 95 96 97 98 99 100 
боевых 51 
специальный 28 
владениям 84 
столицу 8 14 
усыновляет 20 
являлся 61 
двигатель 22 
пишет 45 61 
годом 8 
инженер 22 
сентябре 5 
лидер 26 65 68 
церкви 7 9 21 34 43 46 73 79 100 
поставлен 18 
царь 1 2 3 6 7 8 9 16 17 21 22 26 29 34 38 41 44 52 59 61 63 67 72 73 77 78 85 86 87 
современного 18 
превратив 66 
раб 1 2 3 4 5 6 7 8 9 10 11 12 13 14 15 16 17 18 19 20 21 22 23 24 25 26 27 28 29 30 31 32 33 34 35 36 37 38 39 40 41 42 43 44 45 46 47 48 49 50 51 52 53 54 55 56 57 58 59 60 61 62 63 64 65 66 67 68 69 70 71 72 73 74 75 76 77 78 79 80 81 82 83 84 85 86 87 88 89 90 91 92 93 94 95 96 97 98 99 100 
германские 11 
действовал 15 
запрете 5 
разбиты 53 58 
биограф 50 
отменяет 52 
вост 16 44 53 62 65 67 68 84 87 95 
будущего 42 50 51 
провозгласили 16 
талмудического 27 
крестивший 56 
предводитель 5 18 34 48 58 59 78 100 
тит 14 56 67 80 96 99 
кат 1 2 3 4 5 6 7 8 9 10 11 12 13 14 15 16 17 18 19 20 21 22 23 24 25 26 27 28 29 30 31 32 33 34 35 36 37 38 39 40 41 42 43 44 45 46 47 48 49 50 51 52 53 54 55 56 57 58 59 60 61 62 63 64 65 66 67 68 69 70 71 72 73 74 75 76 77 78 79 80 81 82 83 84 85 86 87 88 89 90 91 92 93 94 95 96 97 98 99 100 
фамилии 100 
комета 16 
статью 1 2 3 4 5 6 7 8 9 10 11 12 13 14 15 16 17 18 19 20 21 22 23 24 25 26 27 28 29 30 31 32 34 35 36 37 38 39 40 42 43 44 45 46 47 49 50 51 52 53 54 55 57 58 59 60 61 62 63 64 65 68 69 72 73 74 75 76 77 78 79 80 81 83 84 85 86 87 88 89 90 91 92 93 94 95 96 97 98 99 100 
укрылся 53 
возможно 20 73 82 98 
сходит 6 53 
науку 25 
посольство 22 
путешествие 9 
исправления 33 41 48 56 66 67 70 71 85 
трижды 19 
лето 61 
кончина 82 
учитель 20 78 86 98 
жизни 80 
семьи 11 
выздоровление 22 
предположительная 82 
повстанческий 26 
попытка 29 64 
пустым 26 60 99 
шёлка 61 
ритор 3 7 11 24 44 59 61 
одна 19 
добавив 1 2 3 4 5 6 7 8 9 10 11 12 13 14 15 16 17 18 19 20 21 22 23 24 25 26 27 28 29 30 31 32 34 35 36 37 38 39 40 42 43 44 45 46 47 49 50 51 52 53 54 55 57 58 59 60 61 62 63 64 65 68 69 72 73 74 75 76 77 78 79 80 81 83 84 86 87 88 89 90 91 92 93 94 95 96 97 98 99 100 
совр 14 18 29 51 58 
термина 5 6 11 13 14 17 18 20 28 30 36 51 52 53 54 60 61 68 72 76 77 80 81 82 87 92 94 
выходит 13 
долголетии 25 
мать 13 14 16 25 33 42 44 80 92 93 
правопреемник 19 
ред 1 2 3 4 5 6 7 8 9 10 11 12 13 14 15 16 17 18 19 20 21 22 23 24 25 26 27 28 29 30 31 32 33 34 35 36 37 38 39 40 41 42 43 44 45 46 47 48 49 50 51 52 53 54 55 56 57 58 59 60 61 62 63 64 65 66 67 68 69 70 71 72 73 74 75 76 77 78 79 80 81 82 83 84 85 86 87 88 89 90 91 92 93 94 95 96 97 98 99 100 
получали 48 
знати 24 
воспринимавшийся 80 
выслал 23 
царстве 51 94 
земли 5 36 42 85 
воскресенье 6 8 10 28 31 37 43 53 54 55 71 74 77 94 99 
колония 51 
которые 48 52 56 
воцарение 51 
схватили 53 
скрылся 53 
полководцем 53 
царского 41 
художника 56 
вспышка 28 
оптик 7 
весь 43 
фракийского 59 
закончил 1 2 3 4 5 6 7 8 9 10 11 12 13 14 15 16 17 18 19 20 21 22 23 24 25 26 27 28 29 30 31 32 33 34 35 36 37 38 39 40 41 42 43 44 45 46 47 48 49 50 51 52 53 54 55 56 57 58 59 60 61 62 63 64 65 66 67 68 69 70 71 72 73 74 75 76 77 78 79 80 81 82 83 84 85 86 87 88 89 90 91 92 93 94 95 96 97 98 99 100 
наместники 34 
сразился 88 
указ 10 14 33 37 41 43 46 47 48 56 61 66 67 70 71 83 
монетный 44 77 
сменил 52 
одноимённом 63 
предводительством 5 34 58 100 
внуках 37 
апостольский 3 
актёр 44 73 88 
главнокомандующий 66 
совершает 20 
севера 62 
израильский 34 
сражениях 53 
центуриона 5 
направлениях 14 
закончено 92 
содрали 35 
провозглашённый 21 
переводы 5 
европейской 47 
изобличив 88 
четверг 9 11 13 30 42 56 58 60 64 73 75 84 89 100 
пт 5 7 13 93 
поднимают 53 
растерзаны 68 
алфавиту 28 33 41 48 56 61 66 67 70 71 85 
пол 1 2 3 4 5 6 7 8 9 10 11 12 13 14 15 16 17 18 19 20 21 22 23 24 25 26 27 28 29 30 31 32 33 34 35 36 37 38 39 40 41 42 43 44 45 46 47 48 49 50 51 52 53 54 55 56 57 58 59 60 61 62 63 64 65 66 67 68 69 70 71 72 73 74 75 76 77 78 79 80 81 82 83 84 85 86 87 88 89 90 91 92 93 94 95 96 97 98 99 100 
примкнули 85 
конца 47 93 
угловая 69 
мученик 3 7 24 31 34 43 61 65 79 85 89 91 96 99 
шаньюя 28 57 
математик 7 31 57 76 
кенотаф 5 
ненаписанными 28 
женитьбу 56 
волнения 16 
распространяется 7 
купить 85 
проводить 87 
начинает 14 31 86 
дополнив 61 
династических 47 74 
церковной 76 96 
присоединена 29 59 
юй 7 17 25 26 27 32 35 37 44 51 58 59 62 63 65 72 84 85 90 96 
подавлено 15 53 81 92 
календарях 42 61 
диаконов 61 96 
король 21 44 48 50 86 95 97 
дед 42 66 
наместником 8 25 28 85 87 93 
половины 12 32 48 56 66 67 
запад 1 10 13 41 62 69 
подвергается 56 
предлагают 70 
календарном 63 
избавить 22 
убийцами 30 
школу 9 
декабре 27 
сослал 85 92 
присоединил 78 
близ 16 17 18 28 35 47 51 58 59 61 84 95 
первый 1 4 5 7 8 9 10 12 13 15 16 19 20 21 22 24 25 26 29 30 31 33 34 37 41 42 45 46 49 50 51 53 54 55 57 58 59 61 62 63 64 65 68 70 71 73 76 79 80 81 86 90 91 92 94 95 96 97 98 100 
укреплённые 88 
хассуаров 61 
княжна 87 
содействию 7 
служит 61 
фортификационные 82 
согласно 7 25 76 87 96 
семья 57 
строительства 43 88 
позволила 88 
учеников 21 43 
городской 100 
гг 8 19 43 44 60 61 68 77 83 84 
пытается 46 85 94 
проконсулом 3 16 100 
характеризуемый 42 
преемников 42 87 
культе 85 
огромную 34 
попытки 78 94 
римлянами 3 18 46 59 68 69 77 
наблюдалось 25 
своём 85 
месяц 27 
младший 44 45 68 
историю 5 48 61 
начались 4 
марс 19 
бриттского 78 
остаётся 65 
оставил 7 16 53 67 70 
родная 19 
ординарный 11 15 46 66 70 77 81 85 
капитальная 51 
заключить 78 
ханьского 26 62 
нефритовая 57 
просьбой 22 
сносок 1 2 3 4 5 6 7 8 9 10 11 12 13 14 15 16 17 18 19 20 21 22 23 24 25 26 27 28 29 30 31 32 33 34 35 36 37 38 39 40 41 42 43 44 45 46 47 48 49 50 51 52 53 54 55 56 57 58 59 60 61 62 63 64 65 66 67 68 69 70 71 72 73 74 75 76 77 78 79 80 81 83 84 85 86 87 88 89 90 91 92 93 94 95 96 97 98 99 100 
население 73 76 
сенат 4 11 20 24 34 41 44 45 46 48 49 53 65 66 67 75 
issues 22 
копия 6 25 37 42 43 47 61 68 82 99 
префектом 34 
лгал 85 
процессов 14 
первоначально 42 
примыкают 53 
своими 24 34 
ротационной 20 
медлительностью 87 
востоку 68 87 
укрепление 51 
статус 58 
очередные 16 
ставленником 20 79 
юлианскому 1 2 3 4 5 6 7 8 9 10 11 12 13 14 15 16 17 18 19 20 21 22 23 24 25 26 27 28 29 30 31 32 33 34 35 36 37 38 39 40 41 42 43 44 45 46 47 48 49 50 51 52 53 54 55 56 57 58 59 60 61 62 63 64 65 66 67 68 69 70 71 72 73 74 75 76 77 78 79 80 81 82 83 84 85 86 87 88 89 90 91 92 93 94 95 96 97 98 99 100 
университета 6 
лузий 20 35 36 74 84 86 98 
му 1 2 3 4 5 6 7 8 9 10 11 12 13 14 15 16 17 18 19 20 21 22 23 24 25 26 27 28 29 30 31 32 33 34 35 36 37 38 39 40 41 42 43 44 45 46 47 48 49 50 51 52 53 54 55 56 57 58 59 60 61 62 63 64 65 66 67 68 69 70 71 72 73 74 75 76 77 78 79 80 81 82 83 84 85 86 87 88 89 90 91 92 93 94 95 96 97 98 99 100 
разрушенная 69 
военные 60 
называть 53 
воспитанного 85 
легионы 53 
основания 42 61 
преемником 53 
царицы 31 100 
борются 21 
мастерству 73 
пало 88 
самозванец 93 
товарный 1 2 3 4 5 6 7 8 9 10 11 12 13 14 15 16 17 18 19 20 21 22 23 24 25 26 27 28 29 30 31 32 33 34 35 36 37 38 39 40 41 42 43 44 45 46 47 48 49 50 51 52 53 54 55 56 57 58 59 60 61 62 63 64 65 66 67 68 69 70 71 72 73 74 75 76 77 78 79 80 81 82 83 84 85 86 87 88 89 90 91 92 93 94 95 96 97 98 99 100 
погубившей 45 
кельтского 18 51 94 
календами 25 
бессов 92 
править 1 2 3 4 5 6 7 8 9 10 11 12 13 14 15 16 17 18 19 20 21 22 23 24 25 26 27 28 29 30 31 32 33 34 35 36 37 38 39 40 41 42 43 44 45 46 47 48 49 50 51 52 53 54 55 56 57 58 59 60 61 62 63 64 65 66 67 68 69 70 71 72 73 74 75 76 77 78 79 80 81 82 83 84 85 86 87 88 89 90 91 92 93 94 95 96 97 98 99 100 
марком 77 80 86 92 
близкий 47 
когортой 10 
рождения 17 84 
батавов 41 93 
цзецзы 7 
совершил 9 88 
знаменитый 63 89 
воюет 47 
хуннов 17 25 26 27 32 37 44 49 62 63 72 84 90 96 
приказал 25 38 99 
самостоятельно 31 
маркоманнов 86 92 
моста 22 
марсов 19 
оказывают 56 
галерея 6 
быстро 73 
создатель 47 74 
мая 14 19 23 25 26 37 42 43 49 53 60 67 71 92 99 100 
наместник 5 8 11 18 25 28 34 46 51 53 63 64 65 69 85 87 93 94 
назначить 28 
первых 53 
выборные 44 
актёром 88 
разбил 34 57 83 
захват 1 2 8 35 49 68 99 
равенства 70 
полушарие 61 
водоснабжении 10 
ин 1 2 3 4 5 6 7 8 9 10 11 12 13 14 15 16 17 18 19 20 21 22 23 24 25 26 27 28 29 30 31 32 33 34 35 36 37 38 39 40 41 42 43 44 45 46 47 48 49 50 51 52 53 54 55 56 57 58 59 60 61 62 63 64 65 66 67 68 69 70 71 72 73 74 75 76 77 78 79 80 81 82 83 84 85 86 87 88 89 90 91 92 93 94 95 96 97 98 99 100 
наградил 53 
квестор 12 14 19 26 35 48 95 98 
последней 3 16 61 
диаспоры 61 
побоища 5 
затмение 25 47 
оппонент 20 71 
владычества 59 94 
неопифагорейской 61 
диапазон 17 
хотят 46 
иудейской 6 31 
общим 35 
знатная 80 
приговор 4 11 34 46 53 65 66 
правили 77 
третья 44 45 
сей 9 65 
защиту 85 
оскорблении 14 41 
вошёл 48 
рассчитывая 85 
действующего 85 
предположительно 6 17 45 
битве 5 35 53 55 58 62 93 
взята 73 
консула 11 14 19 42 51 61 99 
сделанного 32 
заняли 53 
японской 95 
наступление 14 
государственные 67 
восставших 97 
мог 1 2 3 4 5 6 7 8 9 10 11 12 13 14 15 16 17 18 19 20 21 22 23 24 25 26 27 28 29 30 31 32 33 34 35 36 37 38 39 40 41 42 43 44 45 46 47 48 49 50 51 52 53 54 55 56 57 58 59 60 61 62 63 64 65 66 67 68 69 70 71 72 73 74 75 76 77 78 79 80 81 82 83 84 85 86 87 88 89 90 91 92 93 94 95 96 97 98 99 100 
подчиняется 31 88 99 
астрологов 93 
присоединены 88 
v 1 2 3 4 5 6 7 8 9 10 11 12 13 14 15 16 17 18 19 20 21 22 23 24 25 26 27 28 29 30 31 32 33 34 35 36 37 38 39 40 41 42 43 44 45 46 47 48 49 50 51 52 53 54 55 56 57 58 59 60 61 62 63 64 65 66 67 68 69 70 71 72 73 74 75 76 77 78 79 80 81 82 83 84 85 86 87 88 89 90 91 92 93 94 95 96 97 98 99 100 
разрушенного 73 
организации 1 2 3 4 5 6 7 8 9 10 11 12 13 14 15 16 17 18 19 20 21 22 23 24 25 26 27 28 29 30 31 32 33 34 35 36 37 38 39 40 41 42 43 44 45 46 47 48 49 50 51 52 53 54 55 56 57 58 59 60 61 62 63 64 65 66 67 68 69 70 71 72 73 74 75 76 77 78 79 80 81 82 83 84 85 86 87 88 89 90 91 92 93 94 95 96 97 98 99 100 
батава 53 
принцепсом 80 
возвращения 85 
отв 1 2 3 4 5 6 7 8 9 10 11 12 13 14 15 16 17 18 19 20 21 22 23 24 25 26 27 28 29 30 31 32 33 34 35 36 37 38 39 40 41 42 43 44 45 46 47 48 49 50 51 52 53 54 55 56 57 58 59 60 61 62 63 64 65 66 67 68 69 70 71 72 73 74 75 76 77 78 79 80 81 82 83 84 85 86 87 88 89 90 91 92 93 94 95 96 97 98 99 100 
племянником 24 78 
евангелистов 34 
первая 4 15 61 85 86 98 99 
заговоре 11 23 34 46 65 66 93 
синь 1 2 3 4 5 6 7 8 9 10 11 12 13 14 15 16 17 18 19 20 21 22 23 24 25 26 27 28 29 30 31 32 33 34 35 36 37 38 39 40 41 42 43 44 45 46 47 48 49 50 51 52 53 54 55 56 57 58 59 60 61 62 63 64 65 66 67 68 69 70 71 72 73 74 75 76 77 78 79 80 81 82 83 84 85 86 87 88 89 90 91 92 93 94 95 96 97 98 99 100 
иудее 68 
отступают 41 49 67 
преторы 6 
сентябрь 5 11 80 
дочерью 99 
принимая 49 
годы 17 84 
война 8 45 68 100 
получил 25 85 93 
единственной 13 92 93 
низовья 81 
апостола 3 21 24 61 85 96 
римской 5 14 15 28 49 51 59 61 80 87 99 
раскрытого 11 19 
вернулся 15 25 53 85 
римом 53 
горы 25 
марта 25 27 28 40 49 51 66 80 99 
воцарился 35 
читает 43 65 
календарю 1 2 3 4 5 6 7 8 9 10 11 12 13 14 15 16 17 18 19 20 21 22 23 24 25 26 27 28 29 30 31 32 33 34 35 36 37 38 39 40 41 42 43 44 45 46 47 48 49 50 51 52 53 54 55 56 57 58 59 60 61 62 63 64 65 66 67 68 69 70 71 72 73 74 75 76 77 78 79 80 81 82 83 84 85 86 87 88 89 90 91 92 93 94 95 96 97 98 99 100 
коринфянам 74 
лояльным 65 
обожествлена 27 
легионами 37 58 
покончили 18 49 
системы 20 
завоевания 18 68 
сожжена 7 
юрист 20 26 30 
династии 2 5 6 7 8 9 38 39 41 47 52 61 72 78 84 92 95 
государств 4 10 18 19 24 27 28 29 31 36 37 43 46 48 50 61 64 65 66 67 71 77 82 89 93 95 99 
предшествовал 61 
участник 15 28 34 46 66 68 
легат 3 5 18 34 53 92 100 
можете 1 2 3 4 5 6 7 8 9 10 11 12 13 14 15 16 17 18 19 20 21 22 23 24 25 26 27 28 29 30 31 32 34 35 36 37 38 39 40 42 43 44 45 46 47 49 50 51 52 53 54 55 57 58 59 60 61 62 63 64 65 68 69 72 73 74 75 76 77 78 79 80 81 83 84 86 87 88 89 90 91 92 93 94 95 96 97 98 99 100 
порицает 56 
владений 28 
проигрывает 53 
захватывают 2 
боя 18 49 73 87 
развёлся 88 
эпидемиями 59 
провёдший 81 
лонг 70 
текущем 11 
выступал 46 
покорил 26 34 55 
представились 1 2 3 4 5 6 7 8 9 10 11 12 13 14 15 16 17 18 19 20 21 22 23 24 25 26 27 28 29 30 31 32 33 34 35 36 37 38 39 40 41 42 43 44 45 46 47 48 49 50 51 52 53 54 55 56 57 58 59 60 61 62 63 64 65 66 67 68 69 70 71 72 73 74 75 76 77 78 79 80 81 82 83 84 85 86 87 88 89 90 91 92 93 94 95 96 97 98 99 100 
мужчин 35 
евнух 58 
историограф 47 74 
невестка 66 
энциклопедия 22 33 41 48 56 66 67 70 71 81 
двенадцати 21 43 68 
пути 14 61 
вулкана 23 
подавления 5 15 99 
четырёх 53 
придворный 99 
отбит 14 65 100 
де 1 2 3 4 5 6 7 8 9 10 11 12 13 14 15 16 17 18 19 20 21 22 23 24 25 26 27 28 29 30 31 32 33 34 35 36 37 38 39 40 41 42 43 44 45 46 47 48 49 50 51 52 53 54 55 56 57 58 59 60 61 62 63 64 65 66 67 68 69 70 71 72 73 74 75 76 77 78 79 80 81 82 83 84 85 86 87 88 89 90 91 92 93 94 95 96 97 98 99 100 
продано 73 
оборонительную 87 
переведён 10 
сумм 48 
освобождение 20 
мана 8 56 67 77 
музыки 7 
поле 16 43 70 87 
обращение 55 
история 5 25 47 56 68 97 
см 1 2 3 4 5 6 7 8 9 10 11 12 13 14 15 16 17 18 19 20 21 22 23 24 25 26 27 28 29 30 31 32 33 34 35 36 37 38 39 40 41 42 43 44 45 46 47 48 49 50 51 52 53 54 55 56 57 58 59 60 61 62 63 64 65 66 67 68 69 70 71 72 73 74 75 76 77 78 79 80 81 82 83 84 85 86 87 88 89 90 91 92 93 94 95 96 97 98 99 100 
аристократка 31 42 77 
начальник 6 7 25 34 44 61 68 73 87 89 
ведёт 60 
захватить 99 
невисокосный 1 2 3 4 5 6 8 9 10 11 12 13 14 15 16 17 18 19 22 23 25 26 27 29 30 31 32 33 35 36 37 41 42 45 46 49 50 51 53 54 55 57 58 59 60 61 62 63 64 65 66 67 68 69 70 71 73 76 77 78 80 81 82 86 87 88 89 90 91 92 94 95 96 97 100 
литератор 26 
глава 34 94 
некоторыми 42 
edition 42 
хозяйства 54 68 
отца 2 
гражданина 53 
образ 80 95 
выдаёт 94 
германцами 5 51 
север 1 32 34 35 41 43 46 49 51 54 55 57 62 63 73 74 75 77 78 89 90 100 
оранжевый 61 
галлов 68 
сирийского 65 
арминий 78 
командованием 51 61 68 
приступает 68 
оформить 85 
вытеснены 41 45 
храм 68 80 92 
пятидесяти 6 
сенатом 34 
святитель 96 
настоящее 50 51 
древней 3 68 
построенный 28 35 39 47 49 74 96 
прошли 50 51 
юга 42 61 62 
пропретор 34 
жену 14 
лу 1 2 3 4 5 6 7 8 9 10 11 12 13 14 15 16 17 18 19 20 21 22 23 24 25 26 27 28 29 30 31 32 33 34 35 36 37 38 39 40 41 42 43 44 45 46 47 48 49 50 51 52 53 54 55 56 57 58 59 60 61 62 63 64 65 66 67 68 69 70 71 72 73 74 75 76 77 78 79 80 81 82 83 84 85 86 87 88 89 90 91 92 93 94 95 96 97 98 99 100 
пострадавшие 86 
обезглавлена 7 
негодных 49 
ссылками 1 2 3 4 5 6 7 9 10 11 12 13 14 15 16 17 18 19 20 21 22 23 24 25 27 28 29 30 31 32 33 34 35 36 37 38 39 40 41 42 43 44 45 46 47 48 49 50 51 52 53 54 55 56 57 58 59 61 62 63 64 65 66 67 68 69 70 71 72 73 74 75 76 77 78 79 80 81 82 83 84 85 86 87 88 89 90 91 92 93 94 95 96 97 98 100 
prejudice 22 
стремящегося 87 
достигло 58 
юань 2 62 72 
применил 22 
поселения 45 68 
собственными 34 
человек 35 49 58 67 88 100 
шаблоном 26 60 99 
тип 1 2 3 4 5 6 7 8 9 10 11 12 13 14 15 16 17 18 19 20 21 22 23 24 25 26 27 28 29 30 31 32 34 35 36 37 38 39 40 42 43 44 45 46 47 49 50 51 52 53 54 55 56 57 58 59 60 61 62 63 64 65 68 69 72 73 74 75 76 77 78 79 80 81 83 84 85 86 87 88 89 90 91 92 93 94 95 96 97 98 99 100 
французская 2 
располагаться 28 
гвардией 66 
берут 15 49 95 
янь 8 10 18 26 32 35 37 45 51 54 58 59 61 62 85 90 
чен 3 5 6 7 11 13 14 17 18 19 20 21 22 24 28 30 31 34 36 37 42 43 44 51 52 53 54 57 59 60 61 65 68 70 71 72 74 76 77 78 79 80 81 82 85 87 89 91 92 94 96 99 100 
страница 1 2 3 4 5 6 7 8 9 10 11 12 13 14 15 16 17 18 19 20 21 22 23 24 25 26 27 28 29 30 31 32 33 34 35 36 37 38 39 40 41 42 43 44 45 46 47 48 49 50 51 52 53 54 55 56 57 58 59 60 61 62 63 64 65 66 67 68 69 70 71 72 73 74 75 76 77 78 79 80 81 82 83 84 85 86 87 88 89 90 91 92 93 94 95 96 97 98 99 100 
xi 42 
уступающий 61 
оратор 25 28 29 47 
литературы 14 
готовит 66 
древнеримский 4 6 8 11 12 14 19 29 30 47 50 55 58 71 72 81 85 86 87 93 98 
губернатор 39 
обвинён 11 34 43 80 93 
переименован 80 
перебили 24 
волшебные 2 5 6 14 15 22 33 41 44 48 56 66 67 70 71 77 80 82 86 
гибели 23 
наместниками 51 
бегут 52 62 76 
благодаря 7 
выйти 65 
префектуры 10 
византийской 42 61 
ввёл 55 
би 1 2 3 4 5 6 7 8 9 10 11 12 13 14 15 16 17 18 19 20 21 22 23 24 25 26 27 28 29 30 31 32 33 34 35 36 37 38 39 40 41 42 43 44 45 46 47 48 49 50 51 52 53 54 55 56 57 58 59 60 61 62 63 64 65 66 67 68 69 70 71 72 73 74 75 76 77 78 79 80 81 82 83 84 85 86 87 88 89 90 91 92 93 94 95 96 97 98 99 100 
повстанец 2 
ссылки 1 2 3 4 5 6 7 8 9 10 11 12 13 14 15 16 17 18 19 20 21 22 23 24 25 26 27 28 29 30 31 32 33 34 35 36 37 38 39 40 41 42 43 44 45 46 47 48 49 50 51 52 53 54 55 56 57 58 59 60 61 62 63 64 65 66 67 68 69 70 71 72 73 74 75 76 77 78 79 80 81 82 83 84 85 86 87 88 89 90 91 92 93 94 95 96 97 98 99 100 
каледонцами 9 
morales 43 
восстают 34 59 
часами 25 
правителю 99 
влюбился 8 17 
теоретик 7 26 
объявил 34 53 80 85 
крепости 9 49 68 
тысяч 1 2 3 4 5 6 7 8 9 10 11 12 13 14 15 16 17 18 19 20 21 22 23 24 25 26 27 28 29 30 31 32 33 34 35 36 37 38 39 40 41 42 43 44 45 46 47 48 49 50 51 52 53 54 55 56 57 58 59 60 61 62 63 64 65 66 67 68 69 70 71 72 73 74 75 76 77 78 79 80 81 82 83 84 85 86 87 88 89 90 91 92 93 94 95 96 97 98 99 100 
весталки 48 
проблемы 33 41 48 56 66 67 70 71 85 
боровшихся 59 
территории 61 
казнены 19 
коллапса 60 
триумф 18 51 93 
самыми 61 
племяннице 7 44 82 
гвардии 2 34 55 94 
советник 34 
наместников 18 
признал 34 53 
разделить 28 
брата 4 16 47 53 
действия 4 6 8 60 64 100 
словам 5 34 
c 1 2 3 4 5 6 7 8 9 10 11 12 13 14 15 16 17 18 19 20 21 22 23 24 25 26 27 28 29 30 31 32 33 34 35 36 37 38 39 40 41 42 43 44 45 46 47 48 49 50 51 52 53 54 55 56 57 58 59 60 61 62 63 64 65 66 67 68 69 70 71 72 73 74 75 76 77 78 79 80 81 82 83 84 85 86 87 88 89 90 91 92 93 94 95 96 97 98 99 100 
парфянским 54 
вошедших 7 
союзник 79 
мутил 53 
отправляет 10 11 19 85 
св 1 2 3 4 5 6 7 8 9 10 11 12 13 14 15 16 17 18 19 20 21 22 23 24 25 26 27 28 29 30 31 32 33 34 35 36 37 38 39 40 41 42 43 44 45 46 47 48 49 50 51 52 53 54 55 56 57 58 59 60 61 62 63 64 65 66 67 68 69 70 71 72 73 74 75 76 77 78 79 80 81 82 83 84 85 86 87 88 89 90 91 92 93 94 95 96 97 98 99 100 
военных 14 
возможных 42 66 87 88 
фений 19 
союзного 41 
разрушает 14 80 
дела 6 28 31 32 53 61 67 80 85 86 92 
фармакогнозии 85 
китайских 18 42 85 
нынешнем 62 
sp 1 2 3 4 5 6 7 8 9 10 11 12 13 14 15 16 17 18 19 20 21 22 23 24 25 26 27 28 29 30 31 32 33 34 35 36 37 38 39 40 41 42 43 44 45 46 47 48 49 50 51 52 53 54 55 56 57 58 59 60 61 62 63 64 65 66 67 68 69 70 71 72 73 74 75 76 77 78 79 80 81 82 83 84 85 86 87 88 89 90 91 92 93 94 95 96 97 98 99 100 
иначе 1 2 3 4 5 6 7 8 9 10 11 12 13 14 15 16 17 18 19 20 21 22 23 24 25 26 27 28 29 30 31 32 34 35 36 37 38 39 40 42 43 44 45 46 47 49 50 51 52 53 54 55 57 58 59 60 61 62 63 64 65 68 69 72 73 74 75 76 77 78 79 80 81 83 84 86 87 88 89 90 91 92 93 94 95 96 97 98 99 100 
ученик 3 7 21 24 31 34 43 61 65 74 79 85 89 91 96 99 
приблизительная 16 17 35 59 84 95 
утверждает 34 
анатолийская 87 
апологет 7 
ноября 2 4 5 6 8 14 18 24 31 71 86 91 99 
смотрит 43 
обвинённых 43 
родов 23 44 85 
андхров 7 
обложением 92 
вынесения 34 
ранее 2 61 
пн 16 53 64 68 76 
божественного 37 44 
рассвета 25 
запрещена 88 
героически 5 
печать 57 
результате 32 53 
перебит 34 53 65 73 
подчинилось 51 
июль 34 
стал 6 15 16 25 48 50 53 58 60 61 63 88 100 
преследуемые 67 
источник 1 2 3 4 5 6 7 8 9 10 11 12 13 14 15 16 17 18 19 20 21 22 23 24 25 26 27 28 29 30 31 32 33 34 35 36 37 38 39 40 41 42 43 44 45 46 47 48 49 50 51 52 53 54 55 56 57 58 59 60 61 62 63 64 65 66 67 68 69 70 71 72 73 74 75 76 77 78 79 80 81 83 84 85 86 87 88 89 90 91 92 93 94 95 96 97 98 99 100 
веспасианских 53 
германских 19 34 61 88 
триумвир 44 77 
стоимости 42 
гн 3 4 11 13 18 24 41 44 45 46 53 77 80 85 91 94 
вглубь 60 
глав 1 2 3 4 5 6 7 8 9 10 11 12 13 14 15 16 17 18 19 20 21 22 23 24 25 26 27 28 29 30 31 32 33 34 35 36 37 38 39 40 41 42 43 44 45 46 47 48 49 50 51 52 53 54 55 56 57 58 59 60 61 62 63 64 65 66 67 68 69 70 71 72 73 74 75 76 77 78 79 80 81 82 83 84 85 86 87 88 89 90 91 92 93 94 95 96 97 98 99 100 
сестра 11 22 26 31 32 39 44 50 52 94 
казнь 66 99 
насмерть 88 
добиваются 72 
убил 46 
силами 67 
низложения 34 
фризов 56 
возвратился 18 68 
основано 6 
поддержку 56 
свободу 65 
encyclopedia 22 
принимает 47 
провинций 16 
преторианцев 4 94 
шекспировского 18 
завоевании 18 
жизнью 73 
короля 85 95 
последняя 2 52 53 
древнекитайский 36 99 
сделал 53 80 
галла 81 
старейшина 88 
центурион 5 
сентября 12 13 14 19 20 24 34 42 48 50 55 61 65 73 81 83 93 
русла 60 
романе 63 
войска 15 34 36 44 53 57 59 73 83 87 97 
папа 10 72 82 83 
женился 4 8 68 
отбивают 87 
словарь 7 33 41 48 56 66 67 70 71 82 
рода 2 3 5 6 7 13 14 19 29 31 34 41 42 43 44 50 51 52 53 56 58 62 67 68 73 80 84 85 86 87 93 98 99 100 
числом 35 
ae 1 2 3 4 5 6 7 8 9 10 11 12 13 14 15 16 17 18 19 20 21 22 23 24 25 26 27 28 29 30 31 32 33 34 35 36 37 38 39 40 41 42 43 44 45 46 47 48 49 50 51 52 53 54 55 56 57 58 59 60 61 62 63 64 65 66 67 68 69 70 71 72 73 74 75 76 77 78 79 80 81 82 83 84 85 86 87 88 89 90 91 92 93 94 95 96 97 98 99 100 
разгромили 35 
описывает 10 
грамоту 85 
кушанов 9 47 77 
построена 61 
гарнизонов 85 
покорены 77 
империи 2 3 4 7 10 11 13 15 16 19 22 23 24 25 27 29 34 35 39 42 43 44 45 47 48 50 51 52 55 56 59 62 63 65 66 67 69 70 73 76 77 78 80 84 85 86 88 89 90 93 94 95 98 99 
священномученицы 34 
катувеллаунов 16 18 
ман 2 5 6 8 10 11 13 14 18 19 20 22 26 29 34 37 41 42 44 51 52 53 56 60 61 63 64 66 67 68 69 76 77 80 81 85 86 87 88 92 93 94 
верность 34 
назначил 16 53 58 
многие 53 
поддерживаемая 42 
столкновение 44 65 
проповедь 16 50 
яркая 16 
отошёл 60 
начале 34 82 
место 14 23 42 58 88 
формирует 34 
плебеи 2 4 6 8 11 17 18 19 22 25 26 30 34 39 43 44 46 47 51 54 65 66 68 70 71 77 80 84 85 86 93 94 97 
наука 61 
ранней 5 13 55 70 
царёк 53 
разрушили 68 
царствование 39 
сиюйцы 65 
полководца 7 47 86 
друга 7 8 25 87 
конфиденциальности 1 2 3 4 5 6 7 8 9 10 11 12 13 14 15 16 17 18 19 20 21 22 23 24 25 26 27 28 29 30 31 32 33 34 35 36 37 38 39 40 41 42 43 44 45 46 47 48 49 50 51 52 53 54 55 56 57 58 59 60 61 62 63 64 65 66 67 68 69 70 71 72 73 74 75 76 77 78 79 80 81 82 83 84 85 86 87 88 89 90 91 92 93 94 95 96 97 98 99 100 
возвращают 56 67 
приказывает 14 
посадить 85 
свадьбы 45 
усыновил 10 53 58 80 
стороны 88 
демонстрацией 20 
аборта 32 
изгнал 4 
сегодня 28 
атилий 38 50 51 60 93 
выдающихся 20 
атеизма 56 
побеждена 93 
современной 14 
кушанского 57 
бруктеров 61 
суда 4 10 18 19 24 27 28 29 31 34 36 37 43 46 48 50 56 61 64 65 66 67 71 77 82 85 89 93 95 99 
германик 80 
отравлен 2 16 17 25 50 
святилище 34 
гаем 6 
армию 53 98 
большой 53 
мировой 5 
командования 53 
тринобатов 18 94 
грабит 59 
императоров 4 41 53 
авл 1 2 3 4 5 7 8 9 10 11 12 13 14 15 16 17 18 19 20 21 22 23 24 25 26 27 28 29 31 32 33 34 35 36 37 38 39 40 41 42 43 44 46 47 48 49 50 51 52 53 54 56 57 58 59 60 61 62 64 65 66 67 69 70 71 72 73 74 75 78 79 80 81 82 83 84 85 86 87 88 89 90 91 92 93 94 95 96 97 98 99 100 
ix 34 42 
упраздняет 43 
провинции 5 14 34 38 48 51 53 58 59 76 
виде 1 2 3 4 5 6 7 8 9 10 11 12 13 14 15 16 17 18 19 20 21 22 23 24 25 26 27 28 29 30 31 32 34 35 36 37 38 39 40 42 43 44 45 46 47 49 50 51 52 53 54 55 57 58 59 60 61 62 63 64 65 68 69 72 73 74 75 76 77 78 79 80 81 83 84 85 86 87 88 89 90 91 92 93 94 95 96 97 98 99 100 
тяжёлой 73 
китайский 2 8 16 22 26 31 36 38 45 47 58 67 74 76 95 99 
заменить 46 
посланий 7 
колонии 51 
сын 2 3 8 10 12 13 14 16 17 18 19 20 28 29 34 37 42 45 50 53 54 58 61 66 67 68 76 80 85 87 92 94 97 
цензором 49 
высокую 25 
приблизительна 16 17 35 51 58 59 84 95 
отдельных 1 2 3 4 5 6 7 8 9 10 11 12 13 14 15 16 17 18 19 20 21 22 23 24 25 26 27 28 29 30 31 32 33 34 35 36 37 38 39 40 41 42 43 44 45 46 47 48 49 50 51 52 53 54 55 56 57 58 59 60 61 62 63 64 65 66 67 68 69 70 71 72 73 74 75 76 77 78 79 80 81 82 83 84 85 86 87 88 89 90 91 92 93 94 95 96 97 98 99 100 
вдова 42 70 85 
серьёзных 81 
соправителем 37 
войсками 34 44 53 73 
астролог 7 93 99 
возвращаются 67 
военачальник 6 7 25 34 61 68 73 87 89 
дядей 53 
историй 47 74 
любимец 89 
испанского 11 
заметную 45 
округе 85 
племянница 66 96 
десять 36 
стоической 65 
ву 5 6 11 13 14 16 17 18 20 22 23 28 30 36 43 46 49 51 52 53 54 60 61 65 68 72 73 76 77 80 81 82 85 87 92 94 99 
принуждённый 65 
отправлена 94 
иудаизма 27 65 
восстания 5 6 8 10 15 18 26 28 31 33 48 61 68 87 89 92 95 99 
консулы 2 4 6 8 9 11 14 15 17 18 19 22 25 26 30 34 39 41 43 44 46 47 48 51 54 65 66 68 70 71 76 77 80 81 82 84 85 86 93 94 95 98 
укрылись 68 
соратница 18 
развестись 8 
построено 34 
происхождения 11 56 77 
отозван 93 99 
отзыв 10 
страницы 1 2 3 4 5 6 7 8 9 10 11 12 13 14 15 16 17 18 19 20 21 22 23 24 25 26 27 28 29 30 31 32 33 34 35 36 37 38 39 40 41 42 43 44 45 46 47 48 49 50 51 52 53 54 55 56 57 58 59 60 61 62 63 64 65 66 67 68 69 70 71 72 73 74 75 76 77 78 79 80 81 82 83 84 85 86 87 88 89 90 91 92 93 94 95 96 97 98 99 100 
префект 4 10 16 22 24 28 34 44 46 55 85 96 
сноски 33 41 48 56 66 67 70 71 
писателями 25 
донесению 25 
провозглашает 94 
населения 54 61 65 81 
гнева 24 
искусства 8 
появилась 16 
около 8 57 58 76 
сделан 31 32 92 
предположительна 31 59 73 80 82 
апостол 3 4 7 16 21 24 34 38 39 43 51 61 83 85 96 99 100 
создать 88 
принуждён 22 43 65 
взяли 73 85 
пер 1 2 3 4 5 6 7 8 9 10 11 12 13 14 15 16 17 18 19 20 21 22 23 24 25 26 27 28 29 30 31 32 33 34 35 36 37 38 39 40 41 42 43 44 45 46 47 48 49 50 51 52 53 54 55 56 57 58 59 60 61 62 63 64 65 66 67 68 69 70 71 72 73 74 75 76 77 78 79 80 81 82 83 84 85 86 87 88 89 90 91 92 93 94 95 96 97 98 99 100 
скончалась 27 
префекта 4 24 85 
ссылка 1 2 3 4 5 6 7 8 9 10 11 12 13 14 15 16 17 18 19 20 21 22 23 24 25 26 27 28 29 30 31 32 33 34 35 36 37 38 39 40 41 42 43 44 45 46 47 48 49 50 51 52 53 54 55 56 57 58 59 60 61 62 63 64 65 66 67 68 69 70 71 72 73 74 75 76 77 78 79 80 81 82 83 84 85 86 87 88 89 90 91 92 93 94 95 96 97 98 99 100 
младшей 15 
героинями 18 
представителей 68 
крепость 14 49 51 69 
проекту 28 61 
император 1 2 4 5 11 12 13 14 15 16 17 18 19 22 23 24 26 28 29 31 32 33 34 36 37 41 42 43 44 45 46 47 48 50 51 52 53 55 56 58 64 65 66 67 68 70 71 72 76 77 78 80 82 83 85 88 90 92 93 94 95 96 99 
подослал 8 
заточение 71 
вилла 11 13 26 66 94 
гидравлический 22 
хозяина 93 
завершён 61 95 
эпоху 47 
июля 1 2 3 4 5 6 7 8 9 10 11 12 13 14 15 16 17 18 19 20 21 22 23 24 25 26 27 28 29 30 31 32 33 34 35 36 37 38 39 40 41 42 43 44 45 46 47 48 49 50 51 52 53 54 55 56 57 58 59 60 61 62 63 64 65 66 67 68 69 70 71 72 73 74 75 76 77 78 79 80 81 82 83 84 85 86 87 88 89 90 91 92 93 94 95 96 97 98 99 100 
мятеж 8 34 46 53 64 
женитьба 7 
classischen 5 6 30 43 84 
востока 62 
кочевья 49 
зависти 73 
розгами 88 
преданию 16 
смертного 34 46 53 
плебейского 3 41 87 93 98 
зрелища 68 
участие 23 62 100 
независимый 86 
атей 43 83 
созданию 62 
хаттов 26 88 94 
лагере 53 
покончил 5 11 15 18 34 41 45 46 48 49 50 53 65 73 77 80 93 98 99 
мирный 85 
четверых 34 
тысячелетие 1 2 3 4 5 6 7 8 9 10 11 12 13 14 15 16 17 18 19 20 21 22 23 24 25 26 27 28 29 30 31 32 33 34 35 36 37 38 39 40 41 42 43 44 45 46 47 48 49 50 51 52 53 54 55 56 57 58 59 60 61 62 63 64 65 66 67 68 69 70 71 72 73 74 75 76 77 78 79 80 81 82 83 84 85 86 87 88 89 90 91 92 93 94 95 96 97 98 99 100 
древнего 41 
помощи 58 100 
югу 51 
изгнать 85 
версий 42 
римскими 25 44 51 58 68 73 81 
пий 5 12 15 18 32 38 40 50 51 56 62 73 75 88 96 
богослов 86 
вынудил 46 
суше 53 
хаттуариев 61 
провинцию 26 31 38 40 
казнил 75 88 
британского 85 
вызван 19 66 85 
окончание 14 
мученика 99 
следующий 44 
муж 3 8 11 13 15 19 35 65 79 94 
выбранных 61 96 
энциклопедии 1 2 3 4 5 6 7 8 9 10 11 12 13 14 15 16 17 18 19 20 21 22 23 24 25 26 27 28 29 30 31 32 33 34 35 36 37 38 39 40 41 42 43 44 45 46 47 48 49 50 51 52 53 54 55 56 57 58 59 60 61 62 63 64 65 66 67 68 69 70 71 72 73 74 75 76 77 78 79 80 81 82 83 84 85 86 87 88 89 90 91 92 93 94 95 96 97 98 99 100 
лангобардов 13 
крепостей 36 
королева 53 92 
раскрыли 92 
жена 2 4 7 11 12 13 14 15 20 22 33 37 39 42 43 44 45 46 50 54 66 70 85 86 92 93 94 98 99 
заставил 8 20 
генерал 8 10 31 38 45 55 
государства 18 95 99 
расположению 61 88 
скульптура 5 
майскими 25 
маршем 34 
таблица 1 2 3 4 5 6 7 8 9 10 11 12 13 14 15 16 17 18 19 20 21 22 23 24 25 26 27 28 29 30 31 32 33 34 35 36 37 38 39 40 41 42 43 44 45 46 47 48 49 50 51 52 53 54 55 56 57 58 59 60 61 62 63 64 65 66 67 68 69 70 71 72 73 74 75 76 77 78 79 80 81 82 83 84 85 86 87 88 89 90 91 92 93 94 95 96 97 98 99 100 
предпринимают 75 
знатного 3 41 53 87 
извержение 23 
vi 1 2 3 4 5 6 7 8 9 10 11 12 13 14 15 16 17 18 19 20 21 22 23 24 25 26 27 28 29 30 31 32 33 34 35 36 37 38 39 40 41 42 43 44 45 46 47 48 49 50 51 52 53 54 55 56 57 58 59 60 61 62 63 64 65 66 67 68 69 70 71 72 73 74 75 76 77 78 79 80 81 82 83 84 85 86 87 88 89 90 91 92 93 94 95 96 97 98 99 100 
избрали 44 
армянский 42 54 61 
возничий 89 
ордовиками 9 
поможете 61 
каннинефатов 61 
политическая 42 
приговора 34 46 53 
присоединение 59 
отряда 59 
закончился 1 2 3 4 5 6 7 8 9 10 11 12 13 14 15 16 17 18 19 20 21 22 23 24 25 26 27 28 29 30 31 32 33 34 35 36 37 38 39 40 41 42 43 44 45 46 47 48 49 50 51 52 53 54 55 56 57 58 59 60 61 62 63 64 65 66 67 68 69 70 71 72 73 74 75 76 77 78 79 80 81 82 83 84 85 86 87 88 89 90 91 92 93 94 95 96 97 98 99 100 
членства 20 
походе 25 
бабушка 33 61 
управляется 28 
набег 51 66 87 100 
исключите 33 41 48 56 66 67 70 71 85 
объявили 85 
густонаселёнными 61 
родах 99 
оперы 4 
убит 2 4 5 16 18 19 23 24 25 31 34 38 41 51 53 59 64 65 68 73 77 79 80 86 94 99 100 
построен 7 28 34 35 39 47 49 61 74 96 
когорты 46 
римских 20 45 68 
перебить 34 
индуизма 7 
противник 53 79 
трёхлетнем 2 
классических 48 
https 1 2 3 4 5 6 7 8 9 10 11 12 13 14 15 16 17 18 19 20 21 22 23 24 25 26 27 28 29 30 31 32 33 34 35 36 37 38 39 40 41 42 43 44 45 46 47 48 49 50 51 52 53 54 55 56 57 58 59 60 61 62 63 64 65 66 67 68 69 70 71 72 73 74 75 76 77 78 79 80 81 82 83 84 85 86 87 88 89 90 91 92 93 94 95 96 97 98 99 100 
аристократии 41 
педагогики 48 
перестраивает 92 
возвратил 18 53 68 
возглавляемого 15 
вест 6 8 12 14 19 23 26 30 35 42 48 65 66 95 98 
некоммерческой 1 2 3 4 5 6 7 8 9 10 11 12 13 14 15 16 17 18 19 20 21 22 23 24 25 26 27 28 29 30 31 32 33 34 35 36 37 38 39 40 41 42 43 44 45 46 47 48 49 50 51 52 53 54 55 56 57 58 59 60 61 62 63 64 65 66 67 68 69 70 71 72 73 74 75 76 77 78 79 80 81 82 83 84 85 86 87 88 89 90 91 92 93 94 95 96 97 98 99 100 
низложенным 34 
неименитой 87 
нем 2 5 19 53 58 60 61 62 88 89 
разорили 75 
червями 38 
обосновались 85 
эдил 30 35 71 84 
page 42 
деятель 3 4 10 12 13 16 23 24 27 28 29 30 31 32 34 36 39 41 42 43 46 48 53 55 56 61 62 64 65 66 67 69 70 73 78 84 87 88 89 93 98 
европе 47 
подступают 41 
императором 2 15 16 24 34 41 53 82 94 
тетрарх 29 38 80 
старой 24 
центральной 18 
тюрьме 42 
подчинил 18 44 51 
одного 28 56 
начинающийся 1 2 3 4 5 6 7 8 9 10 11 12 13 14 15 16 17 18 19 20 21 22 23 24 25 26 27 28 29 30 31 32 33 34 35 36 37 38 39 40 41 42 43 44 45 46 47 48 49 50 51 52 53 54 55 56 57 58 59 60 61 62 63 64 65 66 67 68 69 70 71 72 73 74 75 76 77 78 79 80 81 82 83 84 85 86 87 88 89 90 91 92 93 94 95 96 97 98 99 100 
разбивает 68 
эллинизированной 65 
правительство 7 
христианская 7 57 85 
утверждениями 14 43 46 61 83 
имя 85 
поселился 70 
сдались 35 
авторитетные 1 2 3 4 5 6 7 8 9 10 11 12 13 14 15 16 17 18 19 20 21 22 23 24 25 26 27 28 29 30 31 32 34 35 36 37 38 39 40 42 43 44 45 46 47 49 50 51 52 53 54 55 57 58 59 60 61 62 63 64 65 68 69 72 73 74 75 76 77 78 79 80 81 83 84 85 86 87 88 89 90 91 92 93 94 95 96 97 98 99 100 
инструменты 1 2 3 4 5 6 7 8 9 10 11 12 13 14 15 16 17 18 19 20 21 22 23 24 25 26 27 28 29 30 31 32 33 34 35 36 37 38 39 40 41 42 43 44 45 46 47 48 49 50 51 52 53 54 55 56 57 58 59 60 61 62 63 64 65 66 67 68 69 70 71 72 73 74 75 76 77 78 79 80 81 82 83 84 85 86 87 88 89 90 91 92 93 94 95 96 97 98 99 100 
вителлианцы 53 
силы 20 65 
иудеев 68 
дочери 13 42 44 56 85 92 93 
сельского 68 
вид 1 2 3 4 5 6 7 8 9 10 11 12 13 14 15 16 17 18 19 20 21 22 23 24 25 26 27 28 29 30 31 32 34 35 36 37 38 39 40 42 43 44 45 46 47 49 50 51 52 53 54 55 57 58 59 60 61 62 63 64 65 68 69 72 73 74 75 76 77 78 79 80 81 83 84 85 86 87 88 89 90 91 92 93 94 95 96 97 98 99 100 
происходит 53 
четырнадцатый 92 
фактическая 37 
прощены 68 
хватает 1 2 3 4 5 6 7 8 9 10 11 12 13 14 15 16 17 18 19 20 21 22 23 24 25 26 27 28 29 30 31 32 34 35 36 37 38 39 40 42 43 44 45 46 47 49 50 51 52 53 54 55 57 58 59 60 61 62 63 64 65 68 69 72 73 74 75 76 77 78 79 80 81 83 84 86 87 88 89 90 91 92 93 94 95 96 97 98 99 100 
неуважении 80 
империя 1 2 3 4 5 6 8 11 13 14 15 16 17 18 19 20 22 25 26 27 28 29 30 31 33 34 36 37 38 39 40 41 42 43 44 45 46 47 48 49 50 51 52 53 54 56 58 59 60 61 65 66 67 68 69 70 71 73 76 77 78 79 80 81 82 84 85 86 87 88 92 93 94 95 98 99 100 
шаньюй 17 25 26 27 37 44 58 59 62 63 72 84 90 96 
поддержали 34 
отказ 25 65 
доступен 1 2 3 4 5 6 7 8 9 10 11 12 13 14 15 16 17 18 19 20 21 22 23 24 25 26 27 28 29 30 31 32 33 34 35 36 37 38 39 40 41 42 43 44 45 46 47 48 49 50 51 52 53 54 55 56 57 58 59 60 61 62 63 64 65 66 67 68 69 70 71 72 73 74 75 76 77 78 79 80 81 82 83 84 85 86 87 88 89 90 91 92 93 94 95 96 97 98 99 100 
дня 2 4 22 25 28 34 43 47 51 52 53 56 61 64 65 73 77 79 85 95 
анан 50 87 
включил 49 
допускающий 20 
законоучитель 86 
свои 24 34 37 44 53 58 61 68 82 86 88 100 
принцесса 92 
открыт 21 61 
душ 41 54 
юлиан 1 2 3 4 5 6 7 8 9 10 11 12 13 14 15 16 17 18 19 20 21 22 23 24 25 26 27 28 29 30 31 32 33 34 35 36 37 38 39 40 41 42 43 44 45 46 47 48 49 50 51 52 53 54 55 56 57 58 59 60 61 62 63 64 65 66 67 68 69 70 71 72 73 74 75 76 77 78 79 80 81 82 83 84 85 86 87 88 89 90 91 92 93 94 95 96 97 98 99 100 
гладиаторских 67 
падчерица 14 19 
восставшим 65 85 86 
ноябрь 65 68 
передаёт 37 
воспринято 99 
вручает 19 
римском 10 
подкрепления 64 
romains 15 44 77 
государственный 4 10 24 27 28 29 31 36 43 46 48 61 64 65 66 89 93 
замуж 13 65 94 
авла 21 24 51 73 92 
христианский 7 24 27 56 57 61 82 89 100 
англ 33 41 42 48 56 61 66 67 70 71 82 92 
замыслил 92 
оллий 14 54 
продлены 19 
устраивал 68 
устраивают 51 
римлянам 3 18 41 46 59 68 69 77 78 81 
уничтожены 16 
письма 43 
знаток 71 
сыновьями 18 
ворота 74 
засвидетельствованный 95 
восстановленной 41 76 
победы 93 
сделана 92 
племенами 76 
недоступная 76 
нему 53 
германскими 76 
музей 56 68 
терпит 99 
одобрения 34 
германцев 14 76 
пожарной 44 
правителем 37 61 70 
сражаются 89 
правление 19 80 83 
вольноотпущенник 4 16 34 73 89 
смириться 20 
святого 10 
галл 41 68 81 
границы 88 
подозреваемый 16 65 
ма 1 2 3 4 5 6 7 8 9 10 11 12 13 14 15 16 17 18 19 20 21 22 23 24 25 26 27 28 29 30 31 32 33 34 35 36 37 38 39 40 41 42 43 44 45 46 47 48 49 50 51 52 53 54 55 56 57 58 59 60 61 62 63 64 65 66 67 68 69 70 71 72 73 74 75 76 77 78 79 80 81 82 83 84 85 86 87 88 89 90 91 92 93 94 95 96 97 98 99 100 
провозглашён 21 24 34 37 53 
китайского 10 18 95 
декабрь 53 65 
поражение 53 64 99 
гу 1 2 3 4 5 6 7 8 9 10 11 12 13 14 15 16 17 18 19 20 21 22 23 24 25 26 27 28 29 30 31 32 33 34 35 36 37 38 39 40 41 42 43 44 45 46 47 48 49 50 51 52 53 54 55 56 57 58 59 60 61 62 63 64 65 66 67 68 69 70 71 72 73 74 75 76 77 78 79 80 81 82 83 84 85 86 87 88 89 90 91 92 93 94 95 96 97 98 99 100 
католической 7 
сыном 45 85 
еврейская 22 
признаёт 57 
сообщник 44 
отправил 7 8 53 68 80 
искусственная 61 
залива 10 
верховенства 36 
ординарные 98 
консульство 25 
воинский 53 
противника 53 
чиновник 22 99 
армии 5 18 19 45 49 51 61 98 
битвой 88 
пристань 61 
троюродный 41 
мо 1 2 3 4 5 6 7 8 9 10 11 12 13 14 15 16 17 18 19 20 21 22 23 24 25 26 27 28 29 30 31 32 33 34 35 36 37 38 39 40 41 42 43 44 45 46 47 48 49 50 51 52 53 54 55 56 57 58 59 60 61 62 63 64 65 66 67 68 69 70 71 72 73 74 75 76 77 78 79 80 81 82 83 84 85 86 87 88 89 90 91 92 93 94 95 96 97 98 99 100 
данным 16 17 84 
убийства 16 43 
гражданство 61 65 
смерть 19 47 88 
побережье 14 61 
северо 1 41 77 
вельможи 29 
astronomy 42 
ко 1 2 3 4 5 6 7 8 9 10 11 12 13 14 15 16 17 18 19 20 21 22 23 24 25 26 27 28 29 30 31 32 33 34 35 36 37 38 39 40 41 42 43 44 45 46 47 48 49 50 51 52 53 54 55 56 57 58 59 60 61 62 63 64 65 66 67 68 69 70 71 72 73 74 75 76 77 78 79 80 81 82 83 84 85 86 87 88 89 90 91 92 93 94 95 96 97 98 99 100 
разоряет 53 90 
вителлиан 53 
ухода 72 
занимать 44 
разбивают 57 59 
оправдывается 85 
полноправным 34 
года 1 2 3 4 5 6 7 8 9 10 11 12 13 14 15 16 17 18 19 20 21 22 23 24 25 26 27 28 29 30 31 32 33 34 35 36 37 38 39 40 41 42 43 44 45 46 47 48 49 50 51 52 53 54 55 56 57 58 59 60 61 62 63 64 65 66 67 68 69 70 71 72 73 74 75 76 77 78 79 80 81 82 83 84 85 86 87 88 89 90 91 92 93 94 95 96 97 98 99 100 
заключает 58 
августа 19 21 23 27 37 42 43 52 61 63 75 82 85 
властелином 34 
князь 59 85 
прорвавшихся 94 
начало 5 16 51 61 84 
весталкой 48 
филологии 48 
южн 17 25 27 44 46 57 62 63 72 84 90 96 100 
создаёт 34 
лин 4 7 8 11 15 16 18 22 23 25 31 34 35 36 44 45 48 49 51 53 58 60 62 63 65 73 76 77 79 81 85 87 88 94 95 96 97 98 100 
преторий 47 
епископом 51 
борьба 7 9 
technical 42 
приехал 53 
марк 77 80 86 92 
карательную 100 
сестерциев 48 85 
присягу 53 
умер 16 17 19 32 57 61 80 85 94 99 
расположенными 37 
попечителем 100 
всей 9 
общество 1 2 3 4 5 6 7 8 9 10 11 12 13 14 15 16 17 18 19 20 21 22 23 24 25 26 27 28 29 30 31 32 33 34 35 36 37 38 39 40 41 42 43 44 45 46 47 48 49 50 51 52 53 54 55 56 57 58 59 60 61 62 63 64 65 66 67 68 69 70 71 72 73 74 75 76 77 78 79 80 81 82 83 84 85 86 87 88 89 90 91 92 93 94 95 96 97 98 99 100 
мученики 34 
армией 61 77 
судом 78 85 
иноземцев 6 
убийцы 24 
становятся 51 
принял 34 62 85 
сообщница 66 
составил 7 
участием 100 
связь 44 
нобили 44 
поражения 34 67 
яна 2 3 7 10 17 18 41 42 44 46 47 53 59 61 66 68 69 74 77 78 81 95 
острова 11 18 80 
почётные 44 
происками 50 
патриции 8 26 34 80 81 84 94 
камень 73 
частью 65 
ду 5 7 8 11 13 14 15 16 17 18 19 22 25 26 27 28 31 34 35 36 38 39 40 41 42 44 45 46 47 49 50 51 53 54 58 59 61 63 64 65 66 67 69 70 73 74 76 77 78 79 80 81 82 85 86 88 90 92 93 96 97 98 
август 19 21 23 27 37 42 43 52 61 63 75 82 85 96 
печати 1 2 3 4 5 6 7 8 9 10 11 12 13 14 15 16 17 18 19 20 21 22 23 24 25 26 27 28 29 30 31 32 33 34 35 36 37 38 39 40 41 42 43 44 45 46 47 48 49 50 51 52 53 54 55 56 57 58 59 60 61 62 63 64 65 66 67 68 69 70 71 72 73 74 75 76 77 78 79 80 81 82 83 84 85 86 87 88 89 90 91 92 93 94 95 96 97 98 99 100 
уничтоживший 43 
веспасиан 53 
еврейских 59 
торы 4 6 8 11 15 33 41 42 46 48 51 52 54 56 61 65 66 67 70 71 94 
народа 14 41 
священных 100 
заточить 38 
ставленника 2 3 66 
эпидемии 45 
древняя 22 
всадник 44 
провозглашают 2 41 53 94 
форта 1 69 
уехал 67 
истребления 61 
использования 1 2 3 4 5 6 7 8 9 10 11 12 13 14 15 16 17 18 19 20 21 22 23 24 25 26 27 28 29 30 31 32 33 34 35 36 37 38 39 40 41 42 43 44 45 46 47 48 49 50 51 52 53 54 55 56 57 58 59 60 61 62 63 64 65 66 67 68 69 70 71 72 73 74 75 76 77 78 79 80 81 82 83 84 85 86 87 88 89 90 91 92 93 94 95 96 97 98 99 100 
супругу 8 
знак 1 2 3 4 5 6 7 8 9 10 11 12 13 14 15 16 17 18 19 20 21 22 23 24 25 26 27 28 29 30 31 32 33 34 35 36 37 38 39 40 41 42 43 44 45 46 47 48 49 50 51 52 53 54 55 56 57 58 59 60 61 62 63 64 65 66 67 68 69 70 71 72 73 74 75 76 77 78 79 80 81 82 83 84 85 86 87 88 89 90 91 92 93 94 95 96 97 98 99 100 
отправило 7 
сопротивления 78 
прапрабабушка 33 
уэльс 86 
беспорядочной 53 
упомянутое 25 
ликии 1 22 84 
сверхновой 28 
армянской 39 
взят 2 34 73 
разгромил 34 35 94 
арка 5 8 12 13 14 20 42 44 47 50 56 76 92 99 
парфянам 47 53 
рабби 76 
племянник 10 24 35 78 82 
принцепса 11 15 46 77 
город 5 6 7 23 31 34 41 43 44 50 51 53 58 68 73 85 100 
поставил 16 
сенатской 24 
пленён 5 16 78 
любовник 44 
армия 65 
фон 1 16 43 53 
ставшего 44 
настоянию 44 
прокураторской 92 
перенаправляется 1 2 3 4 5 7 9 10 12 13 15 16 17 18 19 20 21 22 23 26 27 28 29 31 32 33 34 35 36 37 38 39 40 41 42 43 44 47 48 49 50 51 52 54 56 57 58 59 60 61 62 64 65 66 67 69 70 71 72 74 75 78 79 80 81 82 83 84 85 86 87 88 89 91 92 93 94 95 96 97 98 99 100 
служанка 25 
древности 92 99 
ср 1 2 3 4 5 6 7 8 9 10 11 12 13 14 15 16 17 18 19 20 21 22 23 24 25 26 27 28 29 30 31 32 33 34 35 36 37 38 39 40 41 42 43 44 45 46 47 48 49 50 51 52 53 54 55 56 57 58 59 60 61 62 63 64 65 66 67 68 69 70 71 72 73 74 75 76 77 78 79 80 81 82 83 84 85 86 87 88 89 90 91 92 93 94 95 96 97 98 99 100 
адвокат 7 
окончательно 38 67 
галлами 81 
княжества 32 57 63 
уничтожением 100 
софист 72 
убить 25 38 99 
цивилизации 5 
наказание 38 99 
отбить 14 65 
наследников 51 66 
появляется 60 
тематике 61 
de 1 2 3 4 5 6 7 8 9 10 11 12 13 14 15 16 17 18 19 20 21 22 23 24 25 26 27 28 29 30 31 32 33 34 35 36 37 38 39 40 41 42 43 44 45 46 47 48 49 50 51 52 53 54 55 56 57 58 59 60 61 62 63 64 65 66 67 68 69 70 71 72 73 74 75 76 77 78 79 80 81 82 83 84 85 86 87 88 89 90 91 92 93 94 95 96 97 98 99 100 
княжество 54 
лишённые 53 
укрепляя 82 
сакского 77 
пересмотра 20 
inscriptions 98 
заменён 100 
аквилу 14 
северный 54 
землетрясение 4 
казны 92 
императрица 2 4 25 33 37 39 43 44 45 46 72 94 
вет 1 2 3 4 5 6 7 8 9 10 11 12 13 14 15 16 17 18 19 20 21 22 23 24 25 26 27 28 29 30 31 32 33 34 35 36 37 38 39 40 41 42 43 44 45 46 47 48 49 50 51 52 53 54 55 56 57 58 59 60 61 62 63 64 65 66 67 68 69 70 71 72 73 74 75 76 77 78 79 80 81 82 83 84 85 86 87 88 89 90 91 92 93 94 95 96 97 98 99 100 
среду 7 17 22 38 40 45 65 67 76 81 88 90 93 97 
горящий 43 
краснобровых 6 26 30 56 81 
консулату 11 
поддерживает 3 
руководством 4 26 53 89 
начала 48 79 
договор 54 58 71 85 
мидянину 54 
войне 68 99 
управление 19 80 
источникам 73 87 
южного 57 
рабов 5 20 88 
вольноотпущенницу 17 
пиры 53 
падением 42 
погибает 34 54 
книги 4 
прокуратор 43 65 70 76 92 97 100 
направлен 14 18 
воздуха 49 
бриттских 100 
актёрскому 73 
иудеи 49 
маркоманов 80 
земель 87 88 
гладиаторской 44 
распоряжению 20 
неопр 37 42 47 
отчасти 99 
племени 14 18 41 44 79 81 86 94 
возвращении 31 
протекторат 29 
основанная 51 
двух 14 49 
обращена 31 38 40 
взятку 34 
виний 11 
миллиона 48 
отпали 53 
подчинились 44 
указанию 10 
рабом 100 
крайней 15 
оз 1 2 3 4 5 6 7 8 9 10 11 12 13 14 15 16 17 18 19 20 21 22 23 24 25 26 27 28 29 30 31 32 33 34 35 36 37 38 39 40 41 42 43 44 45 46 47 48 49 50 51 52 53 54 55 56 57 58 59 60 61 62 63 64 65 66 67 68 69 70 71 72 73 74 75 76 77 78 79 80 81 82 83 84 85 86 87 88 89 90 91 92 93 94 95 96 97 98 99 100 
пленённый 16 
ши 1 2 3 4 5 6 7 8 9 10 11 12 13 14 15 16 17 18 19 20 21 22 23 24 25 26 27 28 29 30 31 32 33 34 35 36 37 38 39 40 41 42 43 44 45 46 47 48 49 50 51 52 53 54 55 56 57 58 59 60 61 62 63 64 65 66 67 68 69 70 71 72 73 74 75 76 77 78 79 80 81 82 83 84 85 86 87 88 89 90 91 92 93 94 95 96 97 98 99 100 
набатейского 83 
доносчик 8 
приступают 62 
январь 34 53 
возрасте 2 27 
грандиозные 53 
ди 1 2 3 4 5 6 7 8 9 10 11 12 13 14 15 16 17 18 19 20 21 22 23 24 25 26 27 28 29 30 31 32 33 34 35 36 37 38 39 40 41 42 43 44 45 46 47 48 49 50 51 52 53 54 55 56 57 58 59 60 61 62 63 64 65 66 67 68 69 70 71 72 73 74 75 76 77 78 79 80 81 82 83 84 85 86 87 88 89 90 91 92 93 94 95 96 97 98 99 100 
самопровозглашённый 21 
апостолами 61 96 
смотр 1 2 3 4 5 6 7 8 9 10 11 12 13 14 15 16 17 18 19 20 21 22 23 24 25 26 27 28 29 30 31 32 33 34 35 36 37 38 39 40 41 42 43 44 45 46 47 48 49 50 51 52 53 54 55 56 57 58 59 60 61 62 63 64 65 66 67 68 69 70 71 72 73 74 75 76 77 78 79 80 81 82 83 84 85 86 87 88 89 90 91 92 93 94 95 96 97 98 99 100 
историка 84 
борьбы 65 
арена 68 
субботу 1 3 21 26 27 32 33 39 48 59 61 62 87 95 
поиску 1 2 3 4 5 6 7 8 9 10 11 12 13 14 15 16 17 18 19 20 21 22 23 24 25 26 27 28 29 30 31 32 33 34 35 36 37 38 39 40 41 42 43 44 45 46 47 48 49 50 51 52 53 54 55 56 57 58 59 60 61 62 63 64 65 66 67 68 69 70 71 72 73 74 75 76 77 78 79 80 81 82 83 84 85 86 87 88 89 90 91 92 93 94 95 96 97 98 99 100 
механик 7 31 76 
авторов 68 
вплоть 14 
посетить 14 
коалиции 62 
сосредоточил 2 
правитель 7 20 22 26 29 37 38 45 46 58 77 79 85 98 
вошедший 5 
первое 34 
завоёвывает 27 77 
взял 73 78 85 88 
буддийский 9 
время 3 4 8 43 50 51 81 87 
озере 15 
день 23 25 45 61 
казнён 2 4 8 15 21 23 24 34 44 46 59 65 66 68 73 77 78 89 94 
оборонительных 36 
основан 6 42 51 61 69 
проживало 61 
незавершёнными 61 
принять 22 
кушанами 43 57 
связи 30 50 59 88 
понедельник 12 15 19 25 35 36 41 44 50 66 68 83 96 98 
эры 1 2 3 4 5 6 7 8 9 10 11 12 13 14 15 16 17 18 19 20 21 22 23 24 25 26 27 28 29 30 31 32 33 34 35 36 37 38 39 40 41 42 43 44 45 46 47 48 49 50 51 52 53 54 55 56 57 58 59 60 61 62 63 64 65 66 67 68 69 70 71 72 73 74 75 76 77 78 79 80 81 82 83 84 85 86 87 88 89 90 91 92 93 94 95 96 97 98 99 100 
бесплодии 4 
добавлена 84 
en 1 2 3 4 5 6 7 8 9 10 11 12 13 14 15 16 17 18 19 20 21 22 23 24 25 26 27 28 29 30 31 32 33 34 35 36 37 38 39 40 41 42 43 44 45 46 47 48 49 50 51 52 53 54 55 56 57 58 59 60 61 62 63 64 65 66 67 68 69 70 71 72 73 74 75 76 77 78 79 80 81 82 83 84 85 86 87 88 89 90 91 92 93 94 95 96 97 98 99 100 
разбита 30 
неформальный 65 
возвышается 51 
н 1 2 3 4 5 6 7 8 9 10 11 12 13 14 15 16 17 18 19 20 21 22 23 24 25 26 27 28 29 30 31 32 33 34 35 36 37 38 39 40 41 42 43 44 45 46 47 48 49 50 51 52 53 54 55 56 57 58 59 60 61 62 63 64 65 66 67 68 69 70 71 72 73 74 75 76 77 78 79 80 81 82 83 84 85 86 87 88 89 90 91 92 93 94 95 96 97 98 99 100 
вождя 5 14 
консул 2 3 4 6 7 8 9 10 11 13 14 15 16 17 18 19 20 22 23 25 26 27 28 30 31 34 39 41 42 43 44 46 47 48 50 51 54 56 59 61 62 63 64 65 66 67 68 69 70 71 73 75 76 77 78 80 81 82 84 85 86 87 88 93 94 95 97 98 99 100 
еврейский 3 7 22 71 89 
предан 16 41 
самоубийством 15 18 34 41 42 45 46 48 50 53 65 66 77 80 93 98 99 
руководила 6 
мона 1 14 85 
играх 34 67 
наиболее 81 
бритонцев 88 
битва 53 
приняли 34 85 
конец 8 
отпраздновал 18 46 
течении 60 
номинальную 57 
ed 1 2 3 4 5 6 7 8 9 10 11 12 13 14 15 16 17 18 19 20 21 22 23 24 25 26 27 28 29 30 31 32 33 34 35 36 37 38 39 40 41 42 43 44 45 46 47 48 49 50 51 52 53 54 55 56 57 58 59 60 61 62 63 64 65 66 67 68 69 70 71 72 73 74 75 76 77 78 79 80 81 82 83 84 85 86 87 88 89 90 91 92 93 94 95 96 97 98 99 100 
риме 2 3 4 5 6 8 11 13 14 15 17 19 21 22 25 26 29 30 33 35 37 39 41 42 43 44 46 47 48 50 53 56 61 66 67 68 70 71 76 77 78 79 80 81 82 84 85 86 91 92 93 94 95 97 98 99 100 
аллий 35 
наследника 11 19 82 
дополнительные 1 2 3 4 5 6 7 8 9 10 11 12 13 14 15 16 17 18 19 20 21 22 23 24 25 26 27 28 29 30 31 32 33 34 35 36 37 38 39 40 41 42 43 44 45 46 47 48 49 50 51 52 53 54 55 56 57 58 59 60 61 62 63 64 65 66 67 68 69 70 71 72 73 74 75 76 77 78 79 80 81 82 83 84 85 86 87 88 89 90 91 92 93 94 95 96 97 98 99 100 
шаблонами 28 33 41 48 56 61 66 67 70 71 85 
умирает 45 80 
ведшая 80 
патриций 2 4 6 9 11 14 15 17 18 22 26 30 34 35 39 41 44 46 48 51 54 65 66 70 71 75 76 77 81 84 85 86 94 95 97 98 
римские 5 
своим 24 34 37 44 53 58 88 100 
вместе 37 73 88 100 
гражданами 81 
бран 1 2 3 4 5 6 7 8 9 10 11 12 13 14 15 16 17 18 19 20 21 22 23 24 25 26 27 28 29 30 31 32 33 34 35 36 37 38 39 40 41 42 43 44 45 46 47 48 49 50 51 52 53 54 55 56 57 58 59 60 61 62 63 64 65 66 67 68 69 70 71 72 73 74 75 76 77 78 79 80 81 82 83 84 85 86 87 88 89 90 91 92 93 94 95 96 97 98 99 100 
представители 22 
свадьба 50 
акведук 61 
грандиозного 43 
наследник 6 11 19 20 42 51 58 66 82 
кв 3 4 6 7 9 11 12 14 19 21 22 26 27 34 35 39 41 43 44 45 46 48 50 58 61 65 66 68 73 79 86 89 90 93 95 98 100 
совместно 61 
бибул 5 
внук 2 6 19 37 80 85 
характере 51 
поселён 77 
тань 61 
императорской 5 44 95 
петух 61 
афр 89 
позднее 47 50 
имущество 53 
пытаются 29 65 
проконсулы 9 98 
составленная 97 
сенатор 4 44 45 46 53 65 66 67 75 
друг 1 2 3 4 5 6 7 8 9 10 11 12 13 14 15 16 17 18 19 20 21 22 23 24 25 26 27 28 29 30 31 32 33 34 35 36 37 38 39 40 41 42 43 44 45 46 47 48 49 50 51 52 53 54 55 56 57 58 59 60 61 62 63 64 65 66 67 68 69 70 71 72 73 74 75 76 77 78 79 80 81 82 83 84 85 86 87 88 89 90 91 92 93 94 95 96 97 98 99 100 
поджоге 43 
нерешительностью 87 
египет 22 92 
санкционирует 64 
восставшими 65 86 
традиционная 42 
правительстве 22 77 
увезён 78 
повстанцев 59 
китайские 59 
дороги 19 
казначей 4 
плебса 89 
даков 64 
тетрархом 80 
сабин 53 
единственная 19 27 
убивает 51 
високосный 1 2 3 4 5 6 7 8 9 10 11 12 13 14 15 16 17 18 19 20 21 22 23 24 25 26 27 28 29 30 31 32 33 34 35 36 37 38 39 40 41 42 43 44 45 46 47 48 49 50 51 52 53 54 55 56 57 58 59 60 61 62 63 64 65 66 67 68 69 70 71 72 73 74 75 76 77 78 79 80 81 82 83 84 85 86 87 88 89 90 91 92 93 94 95 96 97 98 99 100 
командир 68 
государственной 71 
февраля 17 20 22 28 37 38 56 58 61 89 92 94 
pp 42 82 
язычниками 31 34 
лицо 4 16 34 77 
обожествление 22 
убийство 15 18 34 41 42 45 46 48 50 53 65 66 77 80 93 98 99 
обстановке 37 
заговора 11 19 44 46 53 66 94 
сестре 13 
другом 37 
сопровождающееся 60 
древнееврейский 89 
дочь 2 13 14 15 19 26 27 47 52 54 56 61 65 66 71 76 85 92 93 94 99 
начали 4 60 
херусками 93 
проектах 1 2 3 4 5 6 7 8 9 10 11 12 13 14 15 16 17 18 19 20 21 22 23 24 25 26 27 28 29 30 31 32 33 34 35 36 37 38 39 40 41 42 43 44 45 46 47 48 49 50 51 52 53 54 55 56 57 58 59 61 62 63 64 65 66 67 68 69 70 71 72 73 74 75 76 77 78 79 80 81 82 83 84 85 86 87 88 89 90 91 92 93 94 95 96 97 98 99 100 
жены 16 65 71 77 
среди 6 
высокой 61 
заперлись 53 
разбит 30 53 58 86 
две 21 43 52 56 68 69 
престола 51 
удаётся 14 
подданство 22 
образец 95 
даровал 10 
политик 60 78 
стремится 99 
должна 1 2 3 4 5 6 7 8 9 10 11 12 13 14 15 16 17 18 19 20 21 22 23 24 25 26 27 28 29 30 31 32 34 35 36 37 38 39 40 42 43 44 45 46 47 49 50 51 52 53 54 55 57 58 59 60 61 62 63 64 65 68 69 72 73 74 75 76 77 78 79 80 81 83 84 86 87 88 89 90 91 92 93 94 95 96 97 98 99 100 
отставку 7 
сестёр 15 18 29 85 
перешла 63 
написав 28 
проконсульства 51 
работы 82 
поселяют 86 
основанного 69 
web 37 47 
указания 33 41 48 56 66 67 70 71 
историки 5 
э 1 2 3 4 5 6 7 8 9 10 11 12 13 14 15 16 17 18 19 20 21 22 23 24 25 26 27 28 29 30 31 32 33 34 35 36 37 38 39 40 41 42 43 44 45 46 47 48 49 50 51 52 53 54 55 56 57 58 59 60 61 62 63 64 65 66 67 68 69 70 71 72 73 74 75 76 77 78 79 80 81 82 83 84 85 86 87 88 89 90 91 92 93 94 95 96 97 98 99 100 
обвинённый 93 
гарнизон 65 76 85 
главный 34 71 
пия 6 25 37 42 43 44 47 61 68 82 99 
управляющим 24 
весна 34 
доминирования 18 
дракон 42 
persecution 22 
русский 1 2 3 4 5 6 7 8 9 10 11 12 13 14 15 16 17 18 19 20 21 22 23 24 25 26 27 28 29 30 31 32 33 34 35 36 37 38 39 40 41 42 43 44 45 46 47 48 49 50 51 52 53 54 55 56 57 58 59 60 61 62 63 64 65 66 67 68 69 70 71 72 73 74 75 76 77 78 79 80 81 82 83 84 85 86 87 88 89 90 91 92 93 94 95 96 97 98 99 100 
летоисчисления 61 
всенародно 99 
паннонских 19 
обращения 37 47 82 92 
учёный 71 76 78 
убийц 24 30 94 
бабка 47 
реция 53 
незаконченной 89 
парфянами 47 
древнеримского 67 84 
точные 33 41 48 52 53 56 66 67 70 71 
единого 18 53 
молодёжи 80 
китайцами 29 
обвинения 11 41 
страниц 1 2 3 4 5 6 7 8 9 10 11 12 13 14 15 16 17 18 19 20 21 22 23 24 25 26 27 28 29 30 31 32 33 34 35 36 37 38 39 40 41 42 43 44 45 46 47 48 49 50 51 52 53 54 55 56 57 58 59 60 61 62 63 64 65 66 67 68 69 70 71 72 73 74 75 76 77 78 79 80 81 82 83 84 85 86 87 88 89 90 91 92 93 94 95 96 97 98 99 100 
форты 88 
спровоцировал 99 
грамматик 7 76 98 
строят 61 
подарил 48 65 
разлив 99 
убийца 30 94 
раннехристианский 7 89 
выселены 6 
правнучка 36 50 
сюда 1 2 3 4 5 6 7 8 9 10 11 12 13 14 15 16 17 18 19 20 21 22 23 24 25 26 27 28 29 30 31 32 33 34 35 36 37 38 39 40 41 42 43 44 45 46 47 48 49 50 51 52 53 54 55 56 57 58 59 60 61 62 63 64 65 66 67 68 69 70 71 72 73 74 75 76 77 78 79 80 81 82 83 84 85 86 87 88 89 90 91 92 93 94 95 96 97 98 99 100 
фигурой 11 19 
младшая 26 94 
правительница 37 
квадов 58 86 
римским 20 25 28 44 51 58 68 73 79 81 
право 19 44 77 
заканчивают 10 
внутренние 38 
казнено 73 
обладающего 87 
полным 60 
проконсул 2 3 9 15 16 18 19 22 25 34 39 43 46 51 61 65 66 80 84 98 100 
бедствиями 42 
отправляется 10 11 19 
перенимает 20 
переселение 58 
школы 44 61 
другие 5 6 11 13 14 17 18 20 28 30 31 34 36 37 44 51 52 53 54 59 60 61 68 72 76 77 78 80 81 82 87 92 94 
неименитого 93 98 
поветрие 21 
получения 65 
сенату 49 
реки 60 99 
легатом 18 100 
времени 5 26 
заподозренный 46 
обратил 51 
посылает 98 
колесниц 89 
обитавшего 94 
мир 5 19 20 34 43 45 47 59 65 68 70 78 80 85 89 91 
аристократ 14 31 41 42 77 
основал 7 14 85 
бан 3 6 14 21 22 52 99 
республику 94 
древнейших 68 
великолепные 68 
разбили 83 
провинцией 15 92 
издание 47 
извержении 23 
покончила 18 77 80 99 
территорий 59 
цари 13 17 21 31 35 39 52 77 100 
бывший 18 44 
лесу 5 81 
солнечное 25 47 
устья 13 
ацилий 97 
подозрению 11 
изувеченные 51 
способного 87 
des 14 15 44 77 
всё 73 
саками 7 47 
вторник 5 14 16 18 20 46 47 63 69 70 72 79 80 82 91 
аланами 40 
переправляются 72 
месяцев 27 
привёдшее 23 
код 1 2 3 4 5 6 7 8 9 10 11 12 13 14 15 16 17 18 19 20 21 22 23 24 25 26 27 28 29 30 31 32 33 34 35 36 37 38 39 40 41 42 43 44 45 46 47 48 49 50 51 52 53 54 55 56 57 58 59 60 61 62 63 64 65 66 67 68 69 70 71 72 73 74 75 76 77 78 79 80 81 82 83 84 85 86 87 88 89 90 91 92 93 94 95 96 97 98 99 100 
очищают 97 
оба 1 2 3 4 5 6 7 8 9 10 11 12 13 14 15 16 17 18 19 20 21 22 23 24 25 26 27 28 29 30 31 32 34 35 36 37 38 39 40 41 42 43 44 45 46 47 49 50 51 52 53 54 55 56 57 58 59 60 61 62 63 64 65 68 69 70 71 72 73 74 75 76 77 78 79 80 81 83 84 85 86 87 88 89 90 91 92 93 94 95 96 97 98 99 100 
обвинённая 80 
подданные 85 
судьям 65 
самоубийства 43 
римская 30 31 33 34 36 42 51 77 93 
питер 67 
участников 28 68 
юге 94 
подарок 48 
четвёртый 1 5 7 10 12 13 16 20 21 24 28 29 33 34 37 38 39 40 41 42 43 44 45 46 47 48 49 50 51 52 53 56 61 62 63 64 72 74 75 79 80 81 83 84 85 86 90 93 94 95 97 98 99 100 
версия 1 2 3 4 5 6 7 8 9 10 11 12 13 14 15 16 17 18 19 20 21 22 23 24 25 26 27 28 29 30 31 32 33 34 35 36 37 38 39 40 41 42 43 44 45 46 47 48 49 50 51 52 53 54 55 56 57 58 59 60 61 62 63 64 65 66 67 68 69 70 71 72 73 74 75 76 77 78 79 80 81 82 83 84 85 86 87 88 89 90 91 92 93 94 95 96 97 98 99 100 
прабабушка 33 
крупное 53 
будучи 5 25 
др 1 2 3 4 5 6 7 8 9 10 11 12 13 14 15 16 17 18 19 20 21 22 23 24 25 26 27 28 29 30 31 32 33 34 35 36 37 38 39 40 41 42 43 44 45 46 47 48 49 50 51 52 53 54 55 56 57 58 59 60 61 62 63 64 65 66 67 68 69 70 71 72 73 74 75 76 77 78 79 80 81 82 83 84 85 86 87 88 89 90 91 92 93 94 95 96 97 98 99 100 
засечён 88 
римский 3 4 5 6 7 8 10 11 12 14 15 16 19 20 23 24 25 26 27 28 29 30 31 32 34 39 41 43 44 45 47 48 50 52 53 55 56 58 61 62 64 65 66 67 68 69 71 72 73 76 78 79 80 81 82 83 84 85 86 87 89 93 94 96 98 
заменяет 79 
серии 57 
диадемы 65 
нижнегерманской 77 
замок 51 
крестной 42 
выдающийся 47 
территорию 44 
евреев 3 6 45 56 61 73 
христианской 7 9 21 34 46 73 79 89 
некрополистика 5 
подчиняются 8 45 
men 1 2 3 4 5 6 7 8 9 10 11 12 13 14 15 16 17 18 19 20 21 22 23 24 25 26 27 28 29 30 31 32 33 34 35 36 37 38 39 40 41 42 43 44 45 46 47 48 49 50 51 52 53 54 55 56 57 58 59 60 61 62 63 64 65 66 67 68 69 70 71 72 73 74 75 76 77 78 79 80 81 82 83 84 85 86 87 88 89 90 91 92 93 94 95 96 97 98 99 100 
лак 14 22 29 47 72 77 86 89 98 
пророков 76 
источники 1 2 3 4 5 6 7 8 9 10 11 12 13 14 15 16 17 18 19 20 21 22 23 24 25 26 27 28 29 30 31 32 33 34 35 36 37 38 39 40 41 42 43 44 45 46 47 48 49 50 51 52 53 54 55 56 57 58 59 60 61 62 63 64 65 66 67 68 69 70 71 72 73 74 75 76 77 78 79 80 81 83 84 85 86 87 88 89 90 91 92 93 94 95 96 97 98 99 100 
доверенное 4 16 34 77 
качестве 11 19 
змея 42 
указан 10 14 33 37 41 43 46 47 48 56 61 66 67 70 71 83 
верных 10 32 35 43 49 53 55 57 62 63 73 74 78 90 100 
очень 99 
вместо 23 58 88 
верными 53 
друз 34 
осень 80 
ответственности 1 2 3 4 5 6 7 8 9 10 11 12 13 14 15 16 17 18 19 20 21 22 23 24 25 26 27 28 29 30 31 32 33 34 35 36 37 38 39 40 41 42 43 44 45 46 47 48 49 50 51 52 53 54 55 56 57 58 59 60 61 62 63 64 65 66 67 68 69 70 71 72 73 74 75 76 77 78 79 80 81 82 83 84 85 86 87 88 89 90 91 92 93 94 95 96 97 98 99 100 
филолог 26 48 83 
овладели 49 
древнеримских 68 
март 25 27 28 40 49 51 66 80 99 
легиона 5 14 19 34 37 58 68 
китайское 18 
нижнем 60 
врач 16 19 57 58 96 
крае 31 
вступили 53 
фана 99 
преторианской 2 34 46 55 66 94 
покровитель 7 9 
одерживает 51 
дикими 68 
святые 34 
италик 49 
голода 42 94 
осаждают 79 
преследование 99 
проведена 54 
антиримское 100 
мятежный 8 46 
теократ 29 
ii 5 7 8 13 14 16 17 19 20 28 36 37 48 50 51 52 54 56 58 59 61 62 66 71 76 80 87 92 93 94 
перешёл 53 60 
evidence 42 
подтверждающая 70 
editor 22 
времён 67 
германского 14 41 81 
западу 13 
сената 11 20 41 48 66 
независимость 56 
пожалована 94 
гая 42 
вана 1 2 3 4 5 6 7 8 9 10 11 12 13 14 15 16 17 18 19 20 21 22 23 24 25 26 27 28 29 30 31 32 33 34 35 36 37 38 39 40 41 42 43 44 45 46 47 48 49 50 51 52 53 54 55 56 57 58 59 60 61 62 63 64 65 66 67 68 69 70 71 72 73 74 75 76 77 78 79 80 81 82 83 84 85 86 87 88 89 90 91 92 93 94 95 96 97 98 99 100 
полномочий 14 
просьбе 56 90 
правила 39 72 85 
написал 17 43 61 95 
уморил 42 
изгнанный 85 
объявляют 79 
мифологии 86 
изучать 25 
гор 1 2 3 4 5 6 7 8 9 10 11 12 13 14 15 16 17 18 19 20 21 22 23 24 25 26 27 28 29 30 31 32 33 34 35 36 37 38 39 40 41 42 43 44 45 46 47 48 49 50 51 52 53 54 55 56 57 58 59 60 61 62 63 64 65 66 67 68 69 70 71 72 73 74 75 76 77 78 79 80 81 82 83 84 85 86 87 88 89 90 91 92 93 94 95 96 97 98 99 100 
вар 1 2 3 4 5 6 7 8 9 10 11 12 13 14 15 16 17 18 19 20 21 22 23 24 25 26 27 28 29 30 31 32 33 34 35 36 37 38 39 40 41 42 43 44 45 46 47 48 49 50 51 52 53 54 55 56 57 58 59 60 61 62 63 64 65 66 67 68 69 70 71 72 73 74 75 76 77 78 79 80 81 82 83 84 85 86 87 88 89 90 91 92 93 94 95 96 97 98 99 100 
северной 34 
пятилетние 46 
благочестием 6 
примипил 5 
поэт 4 8 11 15 17 18 19 24 26 29 46 47 66 72 74 79 81 84 86 89 
штурмовал 51 
рамках 14 
строительство 9 21 
числе 1 2 3 4 5 7 9 10 12 13 15 16 17 18 19 20 21 22 23 26 27 28 29 32 33 34 35 36 38 39 40 41 42 43 44 47 48 49 50 51 52 54 56 57 58 59 60 61 62 64 65 66 67 69 70 71 72 74 75 79 80 81 82 83 84 85 86 87 88 89 91 92 93 94 95 96 97 98 99 100 
друидов 16 100 
острове 23 37 67 100 
истребили 73 
привело 29 
легионах 19 
век 1 2 3 4 5 6 7 8 9 10 11 12 13 14 15 16 17 18 19 20 21 22 23 24 25 26 27 28 29 30 31 32 33 34 35 36 37 38 39 40 41 42 43 44 45 46 47 48 49 50 51 52 53 54 55 56 57 58 59 60 61 62 63 64 65 66 67 68 69 70 71 72 73 74 75 76 77 78 79 80 81 82 83 84 85 86 87 88 89 90 91 92 93 94 95 96 97 98 99 100 
mythology 47 
квестором 12 
ум 1 2 3 4 5 6 7 8 9 10 11 12 13 14 15 16 17 18 19 20 21 22 23 24 25 26 27 28 29 30 31 32 33 34 35 36 37 38 39 40 41 42 43 44 45 46 47 48 49 50 51 52 53 54 55 56 57 58 59 60 61 62 63 64 65 66 67 68 69 70 71 72 73 74 75 76 77 78 79 80 81 82 83 84 85 86 87 88 89 90 91 92 93 94 95 96 97 98 99 100 
величию 80 
господин 55 
послал 53 
представитель 24 98 
объявляет 34 41 
нобиль 93 
бен 13 17 21 61 68 
недостатков 28 33 41 48 56 61 66 67 70 71 85 
период 8 18 
ссылке 4 19 42 94 
прибыло 22 
возмутились 53 
жизнь 15 18 34 41 42 44 45 46 48 50 53 65 66 73 77 80 93 98 99 
ок 1 2 3 4 5 6 7 8 9 10 11 12 13 14 15 16 17 18 19 20 21 22 23 24 25 26 27 28 29 30 31 32 33 34 35 36 37 38 39 40 41 42 43 44 45 46 47 48 49 50 51 52 53 54 55 56 57 58 59 60 61 62 63 64 65 66 67 68 69 70 71 72 73 74 75 76 77 78 79 80 81 82 83 84 85 86 87 88 89 90 91 92 93 94 95 96 97 98 99 100 
вопросы 56 
свадьбу 44 
провинциалов 49 
построек 100 
ходе 5 25 
государством 19 50 
считающиеся 18 
укрепил 60 
покидает 11 
утихомиривают 19 
возобновить 71 75 
кризис 42 
которым 15 42 
сразу 34 
городов 23 85 
нашей 1 2 3 4 5 6 7 8 9 10 11 12 13 14 15 16 17 18 19 20 21 22 23 24 25 26 27 28 29 30 31 32 33 34 35 36 37 38 39 40 41 42 43 44 45 46 47 48 49 50 51 52 53 54 55 56 57 58 59 60 61 62 63 64 65 66 67 68 69 70 71 72 73 74 75 76 77 78 79 80 81 82 83 84 85 86 87 88 89 90 91 92 93 94 95 96 97 98 99 100 
завоевание 1 18 
тибетцы 29 87 
приговору 11 66 
словами 34 
смещение 22 
заключён 54 59 
белый 61 
списка 33 41 48 56 66 67 70 71 85 
солдатами 34 68 
оппозиции 65 
учителем 45 
списки 1 2 3 4 5 6 7 8 9 10 11 12 13 14 15 16 17 18 19 20 21 22 23 24 25 26 27 28 29 30 31 32 33 34 35 36 37 38 39 40 41 42 43 44 45 46 47 48 49 50 51 52 53 54 55 56 57 58 59 60 61 62 63 64 65 66 67 68 69 70 71 72 73 74 75 76 77 78 79 80 81 82 83 84 85 86 87 88 89 90 91 92 93 94 95 96 97 98 99 100 
регионами 61 
вспыхивает 19 
трибуна 19 94 
действий 14 51 
гвардейцами 53 
мира 43 45 80 
современный 51 
преторианскими 53 
присылает 64 
североиндийских 77 
поэмы 89 
азии 50 
неизвестно 35 
форум 49 
юри 20 26 30 
шёлкового 61 
доу 6 45 
женится 13 82 
зависимость 56 57 
покончившая 15 
разгрому 69 
других 1 2 3 4 5 6 7 8 9 10 11 12 13 14 15 16 17 18 19 20 21 22 23 24 25 26 27 28 29 30 31 32 33 34 35 36 37 38 39 40 41 42 43 44 45 46 47 48 49 50 51 52 53 54 55 56 57 58 59 60 61 62 63 64 65 66 67 68 69 70 71 72 73 74 75 76 77 78 79 80 81 82 83 84 85 86 87 88 89 90 91 92 93 94 95 96 97 98 99 100 
главными 30 
царевна 14 19 
философ 26 46 51 58 61 67 87 96 98 99 
периода 18 
осаждает 41 
северные 51 75 89 
разграбление 68 
млн 85 
форуме 49 
независимые 85 
ветви 87 
году 7 11 14 15 16 18 19 28 31 34 35 36 39 41 44 45 46 47 49 50 51 53 54 58 59 61 63 64 67 69 73 74 76 77 78 79 81 82 86 92 93 96 97 98 
т 1 2 3 4 5 6 7 8 9 10 11 12 13 14 15 16 17 18 19 20 21 22 23 24 25 26 27 28 29 30 31 32 33 34 35 36 37 38 39 40 41 42 43 44 45 46 47 48 49 50 51 52 53 54 55 56 57 58 59 60 61 62 63 64 65 66 67 68 69 70 71 72 73 74 75 76 77 78 79 80 81 82 83 84 85 86 87 88 89 90 91 92 93 94 95 96 97 98 99 100 
посещает 37 
объявлена 51 
скрывавшийся 24 
статьи 1 2 3 4 5 6 7 8 9 10 11 12 13 14 15 16 17 18 19 20 21 22 23 24 25 26 27 28 29 30 31 32 33 34 35 36 37 38 39 40 41 42 43 44 45 46 47 48 49 50 51 52 53 54 55 56 57 58 59 60 61 62 63 64 65 66 67 68 69 70 71 72 73 74 75 76 77 78 79 80 81 82 83 84 85 86 87 88 89 90 91 92 93 94 95 96 97 98 99 100 
вьетов 18 
холм 53 
изменников 19 
отдаёт 54 
матрона 30 36 42 93 
сенаторам 44 53 
стало 6 50 
христианского 61 99 
пятницу 2 4 23 24 29 34 49 51 52 57 78 85 86 92 
иценов 79 100 
величайшим 6 
стараниям 24 
море 28 61 
клуб 33 41 48 56 66 67 70 71 
канализации 57 
недовольство 34 
присоединяет 43 
победу 51 
продолжают 28 87 
покидают 34 
которой 53 81 
стражи 44 
консуляров 75 
титул 80 
покровительница 9 
сооружают 36 
душеприказчик 41 
двору 22 
казнит 52 
часть 7 18 45 65 78 
пытался 34 53 79 
разделами 28 61 
прекращает 99 
эпохи 13 47 55 70 76 86 
подруга 25 
бог 55 86 
подавлен 5 10 15 33 46 53 64 81 92 99 
изменением 60 
создание 59 
царя 29 40 56 57 59 80 83 
разгромлена 65 
сдалась 73 
сторонниками 65 
шестой 90 
исследователями 42 
pt 5 8 11 19 41 43 47 66 68 70 71 79 81 84 97 98 
ван 1 2 3 4 5 6 7 8 9 10 11 12 13 14 15 16 17 18 19 20 21 22 23 24 25 26 27 28 29 30 31 32 33 34 35 36 37 38 39 40 41 42 43 44 45 46 47 48 49 50 51 52 53 54 55 56 57 58 59 60 61 62 63 64 65 66 67 68 69 70 71 72 73 74 75 76 77 78 79 80 81 82 83 84 85 86 87 88 89 90 91 92 93 94 95 96 97 98 99 100 
собирает 65 
вовлечены 11 
также 1 2 3 4 5 6 7 8 9 10 11 12 13 14 15 16 17 18 19 20 21 22 23 24 25 26 27 28 29 30 31 32 33 34 35 36 37 38 39 40 41 42 43 44 45 46 47 48 49 50 51 52 53 54 55 56 57 58 59 60 61 62 63 64 65 66 67 68 69 70 71 72 73 74 75 76 77 78 79 80 81 82 83 84 85 86 87 88 89 90 91 92 93 94 95 96 97 98 99 100 
миллион 48 58 
historical 22 
полководцев 53 
допущены 44 
пожар 21 43 44 99 
изгнаны 11 
сирийские 68 
е 1 2 3 4 5 6 7 8 9 10 11 12 13 14 15 16 17 18 19 20 21 22 23 24 25 26 27 28 29 30 31 32 33 34 35 36 37 38 39 40 41 42 43 44 45 46 47 48 49 50 51 52 53 54 55 56 57 58 59 60 61 62 63 64 65 66 67 68 69 70 71 72 73 74 75 76 77 78 79 80 81 82 83 84 85 86 87 88 89 90 91 92 93 94 95 96 97 98 99 100 
попал 53 57 
фактическим 61 
руководитель 15 44 46 
сохранил 22 34 
даками 55 62 
правительственный 22 
journal 42 
окрестные 34 
владениях 61 
годах 44 46 66 
вероучителей 76 
соучастии 11 16 
имп 1 2 3 4 5 6 7 8 9 10 11 12 13 14 15 16 17 18 19 20 21 22 23 24 25 26 27 28 29 30 31 32 33 34 35 36 37 38 39 40 41 42 43 44 45 46 47 48 49 50 51 52 53 54 55 56 57 58 59 60 61 62 63 64 65 66 67 68 69 70 71 72 73 74 75 76 77 78 79 80 81 82 83 84 85 86 87 88 89 90 91 92 93 94 95 96 97 98 99 100 
стр 1 2 3 4 5 6 7 8 9 10 11 12 13 14 15 16 17 18 19 20 21 22 23 24 25 26 27 28 29 30 31 32 33 34 35 36 37 38 39 40 41 42 43 44 45 46 47 48 49 50 51 52 53 54 55 56 57 58 59 60 61 62 63 64 65 66 67 68 69 70 71 72 73 74 75 76 77 78 79 80 81 82 83 84 85 86 87 88 89 90 91 92 93 94 95 96 97 98 99 100 
правителя 44 
головой 56 
впервые 43 
мужем 8 
голодом 42 59 
великий 34 52 66 
северных 32 35 43 49 55 57 62 63 73 74 78 90 100 
пределах 85 
хотели 85 
херусков 5 14 61 81 
ab 1 2 3 4 5 6 7 8 9 10 11 12 13 14 15 16 17 18 19 20 21 22 23 24 25 26 27 28 29 30 31 32 33 34 35 36 37 38 39 40 41 42 43 44 45 46 47 48 49 50 51 52 53 54 55 56 57 58 59 60 61 62 63 64 65 66 67 68 69 70 71 72 73 74 75 76 77 78 79 80 81 82 83 84 85 86 87 88 89 90 91 92 93 94 95 96 97 98 99 100 
распят 43 
написан 28 85 
войны 3 8 92 
раскрыт 11 19 46 
перебито 73 
шаньюйем 44 
права 10 26 45 
отравительница 34 
мятежа 64 
историчность 70 
получают 44 45 
вс 2 4 6 8 9 11 17 18 19 26 28 31 33 34 39 41 43 44 46 48 49 51 53 54 56 59 60 65 66 67 68 70 71 72 73 77 79 85 87 94 99 100 
май 25 71 
равные 10 
события 1 2 3 4 5 6 7 8 9 10 11 12 13 14 15 16 17 18 19 20 21 22 23 24 25 26 27 28 29 30 31 32 33 34 35 36 37 38 39 40 41 42 43 44 45 46 47 48 49 50 51 52 53 54 55 56 57 58 59 60 61 62 63 64 65 66 67 68 69 70 71 72 73 74 75 76 77 78 79 80 81 82 83 84 85 86 87 88 89 90 91 92 93 94 95 96 97 98 99 100 
восток 62 67 68 87 
эта 14 17 19 84 
ad 42 43 
римляне 73 
наси 68 
рабство 73 
погибло 67 
наблюдать 42 
рим 2 3 4 5 6 7 8 10 11 12 13 14 15 16 17 18 19 20 21 22 23 24 25 26 27 28 29 30 31 32 33 34 35 36 37 39 40 41 42 43 44 45 46 47 48 49 50 51 52 53 55 56 58 59 61 62 64 65 66 67 68 69 70 71 72 73 76 77 78 79 80 81 82 83 84 85 86 87 88 89 91 92 93 94 95 96 97 98 99 100 
объехал 68 
торговлю 75 
перебиты 53 
племён 6 61 100 
родом 6 88 
сына 13 16 58 76 80 
двукратный 77 
командовать 37 
первую 30 
достойных 49 
http 1 2 3 4 5 6 7 8 9 10 11 12 13 14 15 16 17 18 19 20 21 22 23 24 25 26 27 28 29 30 31 32 33 34 35 36 37 38 39 40 41 42 43 44 45 46 47 48 49 50 51 52 53 54 55 56 57 58 59 60 61 62 63 64 65 66 67 68 69 70 71 72 73 74 75 76 77 78 79 80 81 82 83 84 85 86 87 88 89 90 91 92 93 94 95 96 97 98 99 100 
третий 2 3 6 7 11 14 17 18 20 21 23 24 25 27 28 31 32 34 35 36 38 39 40 43 44 47 48 52 56 60 63 66 67 69 72 73 74 75 77 78 79 82 83 84 85 87 88 89 93 98 99 
святая 7 9 13 57 73 
письменности 95 
сопротивление 24 
национальными 18 
